id,yield
15000,3827.1245
15001,4120.0146
15002,7069.7266
15003,6314.5137
15004,7025.8037
15005,3192.508
15006,6699.883
15007,6134.2173
15008,7008.313
15009,4099.024
15010,5650.3477
15011,4980.5073
15012,4766.1533
15013,7292.309
15014,6405.9546
15015,6040.2866
15016,4882.1143
15017,4631.4536
15018,8035.8613
15019,5969.4946
15020,2642.9553
15021,6724.451
15022,6930.0493
15023,5935.355
15024,7532.18
15025,4831.0044
15026,6612.654
15027,7207.2026
15028,5350.395
15029,7554.724
15030,6243.372
15031,5101.4077
15032,6814.644
15033,7808.233
15034,3375.8489
15035,5225.303
15036,8194.922
15037,7946.7954
15038,5876.3438
15039,8322.45
15040,4421.914
15041,6109.18
15042,5329.9272
15043,6791.211
15044,7272.521
15045,5369.3657
15046,8198.936
15047,5704.3013
15048,6099.8574
15049,5695.833
15050,5114.411
15051,6891.997
15052,6194.236
15053,4914.2773
15054,7507.853
15055,6531.0044
15056,6235.7954
15057,6685.7593
15058,6808.4106
15059,3266.921
15060,4312.7456
15061,5322.318
15062,6062.056
15063,7268.851
15064,5165.0806
15065,4344.8276
15066,6436.1597
15067,7151.6597
15068,6515.355
15069,7373.1978
15070,7666.9473
15071,7232.557
15072,6629.308
15073,7237.439
15074,5974.482
15075,6142.123
15076,3380.0046
15077,5657.273
15078,7534.262
15079,5744.608
15080,6719.8027
15081,5694.0737
15082,7552.1743
15083,7087.4126
15084,5693.7163
15085,4525.0635
15086,6350.674
15087,6007.435
15088,6453.0674
15089,7016.778
15090,4693.3154
15091,6719.23
15092,6136.2866
15093,5906.195
15094,5946.1772
15095,6294.114
15096,6901.062
15097,7012.005
15098,7769.6577
15099,3894.2268
15100,5923.2026
15101,5521.778
15102,7135.28
15103,4398.049
15104,2643.3503
15105,7701.5894
15106,5179.645
15107,5226.2734
15108,5631.0225
15109,6647.7593
15110,5006.557
15111,6293.5713
15112,7007.194
15113,5173.105
15114,6444.0522
15115,4234.6772
15116,5149.3735
15117,6739.3086
15118,6156.391
15119,5798.27
15120,4618.2324
15121,5122.257
15122,3599.9944
15123,6290.956
15124,5612.605
15125,7697.605
15126,5176.763
15127,8359.5
15128,5528.438
15129,7652.9688
15130,3318.2341
15131,8157.8574
15132,6894.737
15133,6151.6606
15134,6114.8804
15135,5610.7095
15136,7297.347
15137,5370.2866
15138,5843.093
15139,6488.2007
15140,6166.6846
15141,7723.318
15142,7656.0664
15143,8073.764
15144,4717.932
15145,5393.5483
15146,5785.348
15147,5386.947
15148,3947.0623
15149,8378.981
15150,4032.3616
15151,7124.218
15152,7325.0996
15153,5848.0103
15154,6695.5493
15155,6258.2515
15156,5500.08
15157,4368.8037
15158,7651.232
15159,3417.1318
15160,6757.938
15161,7979.4116
15162,4701.726
15163,6848.192
15164,7939.83
15165,7901.146
15166,6022.818
15167,6601.5854
15168,6001.9604
15169,8193.714
15170,7499.0454
15171,6543.556
15172,4099.1772
15173,5116.7036
15174,3947.6086
15175,5627.9893
15176,5298.4976
15177,5324.5405
15178,6875.311
15179,7305.0728
15180,6163.253
15181,6062.86
15182,4632.096
15183,5714.186
15184,6720.8857
15185,5470.7524
15186,5289.1577
15187,7153.458
15188,4872.949
15189,5423.3843
15190,7115.8403
15191,3229.0872
15192,3409.3298
15193,5851.4214
15194,6400.026
15195,5755.675
15196,4502.5327
15197,7368.4375
15198,3741.7056
15199,7220.741
15200,6988.8374
15201,4680.978
15202,5410.9956
15203,6880.915
15204,5094.6846
15205,7068.521
15206,6397.0317
15207,4934.4536
15208,6518.1636
15209,7637.4775
15210,4361.2847
15211,7247.1665
15212,6925.3496
15213,6613.743
15214,5626.443
15215,4780.217
15216,6173.6646
15217,6805.6577
15218,4633.2896
15219,6951.1255
15220,7135.395
15221,5177.643
15222,7422.6973
15223,7775.696
15224,6938.0557
15225,6440.4624
15226,6943.138
15227,5212.4214
15228,5963.9253
15229,7532.773
15230,5877.731
15231,8090.2896
15232,6534.3433
15233,6363.594
15234,7486.07
15235,5572.444
15236,7764.9565
15237,5689.8687
15238,5290.141
15239,8358.927
15240,6135.579
15241,7136.3794
15242,7507.529
15243,4681.4985
15244,6484.741
15245,6051.237
15246,5063.158
15247,5829.827
15248,5402.5835
15249,8371.315
15250,6115.1177
15251,5143.1074
15252,6539.977
15253,4221.6924
15254,6940.68
15255,4161.65
15256,5439.6196
15257,5937.959
15258,6002.303
15259,5857.0957
15260,3849.9805
15261,6110.1616
15262,7799.575
15263,5772.399
15264,6660.9775
15265,6048.5776
15266,3874.4797
15267,4364.188
15268,5606.65
15269,6602.994
15270,5064.5073
15271,5806.5957
15272,7561.373
15273,7164.5073
15274,4595.9883
15275,6232.8887
15276,5864.609
15277,6867.1587
15278,5644.157
15279,6042.033
15280,6365.5195
15281,6671.3022
15282,6575.684
15283,6786.934
15284,5087.826
15285,5899.055
15286,5449.2026
15287,5895.4155
15288,5557.992
15289,7868.329
15290,7099.8765
15291,6758.217
15292,5708.7896
15293,6482.423
15294,8367.095
15295,3603.1965
15296,7305.183
15297,6343.0728
15298,7551.9585
15299,5530.9263
15300,3382.6375
15301,6914.1377
15302,7564.6763
15303,6033.4263
15304,4610.8086
15305,4893.8467
15306,7079.2036
15307,6903.986
15308,7527.1816
15309,7143.358
15310,7094.8647
15311,6502.814
15312,7134.0293
15313,6597.4487
15314,5622.5776
15315,4906.429
15316,4103.0366
15317,6936.066
15318,3980.7205
15319,6806.686
15320,6170.1157
15321,1854.1361
15322,5008.366
15323,5111.781
15324,4282.094
15325,7105.723
15326,7270.0645
15327,5115.307
15328,5044.855
15329,6967.927
15330,5899.94
15331,5170.4263
15332,6060.9224
15333,7122.6567
15334,7337.098
15335,7877.476
15336,6208.0366
15337,7152.0767
15338,4514.547
15339,4776.021
15340,8014.2856
15341,4084.281
15342,7262.935
15343,7497.94
15344,6548.778
15345,6953.4976
15346,6266.249
15347,2799.7952
15348,7441.8794
15349,4809.527
15350,8004.9253
15351,8024.25
15352,7547.6123
15353,6795.1587
15354,7497.575
15355,5266.011
15356,6220.414
15357,3832.1973
15358,6356.277
15359,5079.107
15360,4376.2114
15361,5750.0645
15362,4054.0398
15363,4890.266
15364,7051.1553
15365,7416.376
15366,2597.0625
15367,6129.7637
15368,4381.531
15369,7227.318
15370,6493.431
15371,8021.67
15372,6184.1987
15373,5451.012
15374,5500.2437
15375,7309.0645
15376,5151.137
15377,4426.096
15378,6152.67
15379,6092.321
15380,4673.196
15381,5709.19
15382,6981.8076
15383,5192.5483
15384,5473.347
15385,7822.757
15386,7070.6577
15387,5659.0083
15388,6373.1484
15389,6037.623
15390,4411.762
15391,6237.5376
15392,6908.992
15393,6172.545
15394,5910.51
15395,7029.4062
15396,6834.9653
15397,5541.415
15398,7537.5327
15399,7215.4272
15400,3838.2214
15401,4370.306
15402,3973.1912
15403,5372.314
15404,6837.9277
15405,3982.611
15406,5905.65
15407,4548.5293
15408,6041.5347
15409,6542.7603
15410,6575.571
15411,7812.398
15412,6575.3306
15413,6978.0747
15414,5643.2407
15415,6982.5854
15416,5036.8564
15417,7916.3745
15418,4417.0723
15419,5528.322
15420,7606.6685
15421,7688.33
15422,6111.596
15423,6215.867
15424,4605.9995
15425,6594.318
15426,7593.9683
15427,4793.1255
15428,7775.595
15429,7300.4126
15430,6163.0728
15431,6283.3335
15432,6554.2017
15433,3774.4324
15434,5377.7
15435,7232.686
15436,7541.6333
15437,7992.1753
15438,5055.9653
15439,6599.3403
15440,5322.669
15441,3943.4922
15442,7178.6377
15443,3876.896
15444,5950.938
15445,7740.2153
15446,5408.4023
15447,7250.359
15448,5849.527
15449,5311.19
15450,6575.5386
15451,3306.242
15452,3402.8547
15453,7179.4077
15454,5609.5986
15455,6374.5415
15456,7215.355
15457,6586.354
15458,6653.8774
15459,6231.6636
15460,6640.035
15461,6066.104
15462,8028.0376
15463,3411.242
15464,4512.6265
15465,5760.278
15466,5667.0444
15467,5180.2114
15468,6533.278
15469,6792.8345
15470,7497.321
15471,3774.1335
15472,3134.751
15473,7189.5776
15474,6055.941
15475,7564.3774
15476,6758.167
15477,5825.0303
15478,3232.6753
15479,5705.5093
15480,7766.221
15481,7280.4517
15482,7464.4224
15483,5885.781
15484,6686.4604
15485,8065.8364
15486,4286.067
15487,3309.0413
15488,3729.4365
15489,6429.8
15490,3947.297
15491,7237.1865
15492,5826.379
15493,7007.2563
15494,6978.2886
15495,4367.281
15496,7781.0366
15497,7161.105
15498,5589.899
15499,5802.3774
15500,8145.857
15501,8231.996
15502,7018.4263
15503,4540.8267
15504,6545.7896
15505,8141.846
15506,4648.364
15507,3192.3882
15508,6008.219
15509,3411.8228
15510,7876.69
15511,5362.5703
15512,6483.8975
15513,5919.158
15514,2536.7188
15515,7536.0576
15516,7110.2944
15517,5511.0664
15518,5491.5356
15519,5318.879
15520,7675.789
15521,7742.2466
15522,4775.266
15523,4958.1177
15524,6533.975
15525,4224.971
15526,6969.4165
15527,5371.203
15528,3483.8596
15529,2585.4814
15530,5602.2085
15531,8136.2554
15532,5636.958
15533,5425.9604
15534,5624.6465
15535,4226.7227
15536,7566.004
15537,7094.5415
15538,7518.1396
15539,5277.9253
15540,5470.5586
15541,7001.2544
15542,7194.6973
15543,8340.63
15544,6338.7886
15545,3891.388
15546,4544.845
15547,3782.6824
15548,6822.985
15549,6504.3613
15550,5190.983
15551,5708.109
15552,6768.7554
15553,6695.8257
15554,8153.2104
15555,3891.6963
15556,5686.779
15557,4395.47
15558,3375.994
15559,6107.8896
15560,5977.5884
15561,4595.686
15562,4239.1685
15563,7848.062
15564,4144.737
15565,7300.709
15566,7065.179
15567,6003.3237
15568,3806.1838
15569,4583.3325
15570,4196.017
15571,6397.473
15572,5557.9126
15573,5085.688
15574,8097.9663
15575,6966.602
15576,6887.976
15577,5676.962
15578,8053.607
15579,7556.6113
15580,4855.3696
15581,8172.568
15582,7554.7524
15583,6766.3423
15584,6382.354
15585,5267.528
15586,7520.4946
15587,7635.132
15588,7542.642
15589,6605.8257
15590,6831.671
15591,7767.544
15592,6528.1216
15593,6699.969
15594,7860.216
15595,6752.6455
15596,7521.065
15597,5226.6753
15598,7473.415
15599,4567.307
15600,5930.9106
15601,3184.7048
15602,5492.344
15603,5228.3257
15604,6643.0366
15605,4710.7134
15606,6567.9185
15607,7514.5723
15608,6155.6987
15609,6509.309
15610,5715.9873
15611,6881.7964
15612,6593.933
15613,6347.9062
15614,6348.7437
15615,4976.236
15616,6434.9194
15617,4790.1377
15618,5750.1035
15619,7821.231
15620,4891.2407
15621,7084.321
15622,6595.0776
15623,3293.0715
15624,6810.23
15625,5905.8013
15626,7158.5796
15627,7250.517
15628,7180.531
15629,6573.7397
15630,7720.235
15631,7970.801
15632,5424.1704
15633,6993.1772
15634,6563.1094
15635,7253.863
15636,6566.2524
15637,3601.064
15638,5700.9116
15639,8077.133
15640,5932.6606
15641,4143.313
15642,5021.9556
15643,5905.0337
15644,6530.1675
15645,5872.8716
15646,6213.265
15647,6562.029
15648,4106.197
15649,5343.383
15650,6388.0854
15651,3187.361
15652,7521.2417
15653,3870.1753
15654,5736.0054
15655,5546.555
15656,5810.975
15657,5651.03
15658,6351.7563
15659,5434.53
15660,4325.16
15661,7659.1743
15662,7804.643
15663,5806.5327
15664,6677.7476
15665,6429.9395
15666,5958.9585
15667,3240.8064
15668,6509.225
15669,3296.75
15670,4543.2246
15671,6020.4385
15672,6158.9116
15673,5036.045
15674,4859.405
15675,5389.1245
15676,7507.4146
15677,6632.1855
15678,4351.027
15679,4110.362
15680,6973.928
15681,7306.2446
15682,5480.35
15683,6723.0337
15684,6820.813
15685,5795.255
15686,4331.899
15687,5422.4795
15688,5282.7104
15689,5416.2573
15690,5843.3345
15691,3598.1804
15692,5327.5835
15693,3688.2515
15694,7109.4243
15695,5745.219
15696,5218.595
15697,3689.9421
15698,6291.865
15699,5026.065
15700,7109.4023
15701,5661.1333
15702,6817.486
15703,4286.7056
15704,5530.963
15705,7250.2295
15706,7181.9683
15707,4896.7744
15708,5160.446
15709,4515.945
15710,4082.3914
15711,7250.8228
15712,4266.3228
15713,7596.606
15714,7525.3403
15715,8080.9185
15716,8398.181
15717,7349.8784
15718,5841.64
15719,6207.494
15720,6402.555
15721,7339.5923
15722,4820.0903
15723,3928.7798
15724,7929.9937
15725,5399.1777
15726,5948.0356
15727,5561.833
15728,4314.708
15729,5685.5723
15730,6302.3853
15731,8155.282
15732,7423.5376
15733,5876.6187
15734,6129.7197
15735,6500.3584
15736,6069.649
15737,5620.7896
15738,4383.8203
15739,5998.7085
15740,7330.7065
15741,4966.088
15742,4496.356
15743,7762.3853
15744,4366.9634
15745,5582.5884
15746,8174.1636
15747,6172.0015
15748,7761.733
15749,5039.361
15750,7153.301
15751,7191.9155
15752,7455.405
15753,7069.9526
15754,6086.27
15755,7326.7827
15756,4731.309
15757,4825.6133
15758,7815.5815
15759,6672.278
15760,5692.334
15761,7766.5034
15762,7285.9404
15763,7934.018
15764,4940.819
15765,7024.322
15766,6281.9883
15767,5877.743
15768,6891.7773
15769,4392.1147
15770,3774.3486
15771,7320.178
15772,6793.774
15773,7961.5864
15774,7086.28
15775,3998.5483
15776,6880.6587
15777,5552.288
15778,6527.125
15779,5139.5024
15780,4547.97
15781,7053.1973
15782,4530.6646
15783,6069.2153
15784,6185.9883
15785,6173.0044
15786,7310.299
15787,5435.4775
15788,7163.3027
15789,7257.0005
15790,6033.7007
15791,5906.933
15792,5693.354
15793,5578.106
15794,8332.417
15795,6745.2837
15796,7565.8784
15797,5796.355
15798,3268.725
15799,6933.0684
15800,3459.7976
15801,5402.4395
15802,4653.2173
15803,5710.0093
15804,4426.2896
15805,4822.0356
15806,7556.9126
15807,7091.693
15808,7364.22
15809,6562.825
15810,5138.346
15811,3964.3362
15812,4913.594
15813,7376.446
15814,3359.9324
15815,6873.661
15816,4227.9604
15817,5877.717
15818,5326.7036
15819,7313.4663
15820,4514.0933
15821,6699.706
15822,6179.852
15823,2895.2766
15824,5032.762
15825,6375.938
15826,5779.4956
15827,6137.864
15828,6147.5737
15829,6537.642
15830,6503.9946
15831,6074.1675
15832,5525.0854
15833,6523.902
15834,4917.4326
15835,4712.2915
15836,5734.803
15837,6515.4595
15838,6182.3247
15839,4664.2075
15840,7286.827
15841,5019.843
15842,4717.8755
15843,5909.9424
15844,6525.3125
15845,6719.353
15846,4590.3735
15847,4080.785
15848,7092.2905
15849,5207.766
15850,4287.6094
15851,3172.022
15852,5435.094
15853,6362.4233
15854,6368.902
15855,7062.5376
15856,3882.7415
15857,6745.3433
15858,6533.977
15859,5731.2163
15860,5248.4575
15861,5415.794
15862,5528.1973
15863,6445.87
15864,3949.4602
15865,6050.0127
15866,4687.7847
15867,6942.8076
15868,6219.4536
15869,6868.2227
15870,4179.477
15871,5272.6626
15872,6929.5947
15873,6461.314
15874,6681.4976
15875,7469.485
15876,5162.3813
15877,3897.7683
15878,7508.5103
15879,6815.9497
15880,7667.3994
15881,6462.9277
15882,3431.3818
15883,7321.2812
15884,5233.407
15885,4862.119
15886,7382.601
15887,8236.965
15888,5495.764
15889,7881.4077
15890,6251.0015
15891,4831.3403
15892,4662.545
15893,6981.1763
15894,6126.671
15895,5847.1914
15896,5617.7065
15897,4414.9307
15898,6083.3936
15899,4755.851
15900,5240.303
15901,4304.1855
15902,6245.7173
15903,6145.134
15904,6378.9565
15905,8196.726
15906,7560.8306
15907,8142.7134
15908,4984.056
15909,5452.361
15910,6016.072
15911,7427.432
15912,8331.715
15913,5950.034
15914,4028.7607
15915,6191.741
15916,7955.9414
15917,5211.593
15918,6630.793
15919,5716.578
15920,5406.8643
15921,4237.519
15922,4677.0117
15923,5250.86
15924,5213.1265
15925,7561.939
15926,8336.704
15927,4825.28
15928,6268.517
15929,7422.1997
15930,7598.755
15931,4892.752
15932,6511.7373
15933,7355.806
15934,6356.562
15935,6634.0713
15936,7316.4336
15937,5711.649
15938,7350.3374
15939,6135.708
15940,6664.571
15941,4271.475
15942,7876.0317
15943,4202.6763
15944,6407.614
15945,5593.1704
15946,6476.8374
15947,6504.516
15948,5883.5986
15949,4371.399
15950,5785.212
15951,6432.86
15952,5728.418
15953,7265.0195
15954,6853.404
15955,7590.0
15956,7830.8027
15957,4975.459
15958,6099.505
15959,6672.8237
15960,6533.9043
15961,5159.4614
15962,7876.996
15963,5450.321
15964,7129.9126
15965,3893.8516
15966,6753.4556
15967,7774.9146
15968,5174.2563
15969,7295.809
15970,7534.5835
15971,6987.9946
15972,5355.794
15973,8382.952
15974,5806.5845
15975,6782.591
15976,5846.049
15977,6163.375
15978,6030.783
15979,5980.945
15980,8037.73
15981,4871.737
15982,6575.9087
15983,6274.2896
15984,4645.2085
15985,7048.102
15986,6040.971
15987,7455.0903
15988,4708.808
15989,6744.658
15990,5534.78
15991,4491.005
15992,3357.3816
15993,5047.015
15994,5194.428
15995,4600.014
15996,6461.7354
15997,7803.971
15998,6854.266
15999,7517.943
16000,4783.449
16001,6589.032
16002,5287.4893
16003,5123.762
16004,2177.9414
16005,7131.3076
16006,6218.2554
16007,7199.9336
16008,3336.2576
16009,6072.9614
16010,5621.9336
16011,7596.646
16012,4034.8274
16013,7943.767
16014,4995.112
16015,5964.372
16016,6356.2593
16017,3793.3044
16018,7190.55
16019,7317.865
16020,6430.2974
16021,5410.2817
16022,4113.9937
16023,7788.132
16024,6484.4766
16025,7293.0254
16026,5525.819
16027,4209.6895
16028,6555.7896
16029,6946.4077
16030,4294.22
16031,7692.464
16032,4030.2917
16033,6574.0435
16034,6226.6274
16035,3479.1296
16036,7448.6206
16037,8004.5967
16038,7041.2026
16039,5659.026
16040,7352.0156
16041,7577.926
16042,5867.253
16043,5334.8657
16044,3871.7693
16045,4272.443
16046,6568.8813
16047,4070.082
16048,3453.5386
16049,6555.557
16050,6577.469
16051,7447.363
16052,7794.027
16053,6487.6626
16054,7350.3647
16055,5223.9766
16056,5966.3774
16057,4754.5522
16058,8036.5825
16059,5401.283
16060,4297.9067
16061,8353.163
16062,6035.6206
16063,6373.139
16064,6755.6475
16065,5154.804
16066,7246.653
16067,4323.7627
16068,5604.5327
16069,7763.5986
16070,6024.9854
16071,6345.944
16072,4682.342
16073,6219.417
16074,4404.468
16075,7751.9355
16076,7510.102
16077,6610.065
16078,5760.1035
16079,4219.015
16080,6979.564
16081,2727.1667
16082,7085.8364
16083,7619.6743
16084,6084.901
16085,5609.072
16086,7475.1187
16087,6851.369
16088,4383.117
16089,5435.718
16090,7037.053
16091,6628.3257
16092,8011.342
16093,6572.251
16094,7146.48
16095,6041.347
16096,6472.1177
16097,5135.5835
16098,6358.281
16099,5449.8066
16100,6797.9834
16101,8238.308
16102,5780.0386
16103,6554.06
16104,7283.519
16105,5379.65
16106,5383.723
16107,6637.311
16108,5201.089
16109,5056.429
16110,6794.06
16111,3464.3982
16112,5783.282
16113,5910.2476
16114,4195.3193
16115,6368.1016
16116,6526.675
16117,4355.5986
16118,8109.1606
16119,4741.315
16120,5029.518
16121,7592.357
16122,7298.1187
16123,4632.184
16124,3943.4558
16125,8449.889
16126,8082.471
16127,2936.3347
16128,3944.813
16129,3196.2942
16130,7211.3057
16131,7543.932
16132,6219.1304
16133,6377.644
16134,5058.2676
16135,6580.226
16136,4300.872
16137,4642.6123
16138,7241.057
16139,6559.3115
16140,7056.349
16141,5224.1973
16142,4960.553
16143,5954.1606
16144,5989.761
16145,7978.117
16146,3447.219
16147,5605.618
16148,7262.27
16149,6570.6953
16150,6273.973
16151,7978.684
16152,6110.0146
16153,4746.7056
16154,6041.069
16155,6551.814
16156,7549.9507
16157,6262.7466
16158,5322.1616
16159,5216.479
16160,6543.7383
16161,5460.946
16162,6947.6562
16163,5659.932
16164,4951.1357
16165,6548.1743
16166,5711.117
16167,6105.48
16168,4399.9106
16169,4265.0605
16170,7023.1187
16171,6141.2607
16172,5407.6274
16173,7718.516
16174,7233.2866
16175,3397.6226
16176,2788.6687
16177,6824.7036
16178,7301.304
16179,8235.28
16180,7506.1924
16181,6348.089
16182,3812.0378
16183,6409.354
16184,6422.856
16185,5961.945
16186,7538.7305
16187,3901.7087
16188,5700.6055
16189,5290.0815
16190,6436.471
16191,4536.8193
16192,7338.0894
16193,6625.8276
16194,8111.5107
16195,7117.138
16196,4266.1274
16197,6442.897
16198,6765.69
16199,6709.77
16200,5369.393
16201,3406.8435
16202,5974.732
16203,6852.4517
16204,7209.8223
16205,6137.765
16206,5412.1353
16207,5938.9907
16208,5216.4424
16209,5744.5493
16210,4478.57
16211,5488.93
16212,5577.124
16213,6688.929
16214,5443.3564
16215,6725.3804
16216,6041.39
16217,6284.4087
16218,4820.1504
16219,5881.233
16220,5686.822
16221,7474.9233
16222,5398.223
16223,7502.7354
16224,4596.776
16225,6330.893
16226,6171.512
16227,5662.4517
16228,4595.971
16229,6304.3813
16230,4558.2563
16231,4173.109
16232,7360.9106
16233,6774.2974
16234,4630.87
16235,4323.305
16236,6875.5933
16237,5435.887
16238,4754.039
16239,6220.588
16240,5627.799
16241,7547.3345
16242,7899.745
16243,5613.178
16244,8141.5405
16245,5799.7686
16246,6628.404
16247,5879.56
16248,5370.162
16249,7605.415
16250,4724.3354
16251,7358.8516
16252,6149.7896
16253,5954.522
16254,8198.506
16255,6537.2446
16256,6189.9136
16257,5351.765
16258,6200.1597
16259,3202.682
16260,6472.1426
16261,6111.1655
16262,6554.411
16263,6592.8535
16264,4340.97
16265,6196.9565
16266,6025.907
16267,7264.233
16268,7995.441
16269,6028.4233
16270,5362.18
16271,5974.92
16272,7267.13
16273,6495.701
16274,5829.217
16275,7583.232
16276,4412.6733
16277,4837.9854
16278,7584.598
16279,5521.3486
16280,5317.396
16281,6491.2974
16282,4628.186
16283,7755.303
16284,7482.1265
16285,7703.479
16286,5353.6206
16287,7865.3906
16288,4673.019
16289,7994.448
16290,5389.4233
16291,5340.017
16292,6522.93
16293,6480.1763
16294,8335.747
16295,6340.818
16296,6081.4604
16297,5083.7896
16298,4994.0713
16299,5272.105
16300,5385.621
16301,3365.4866
16302,8130.799
16303,6452.5093
16304,7276.6772
16305,4282.0674
16306,6123.804
16307,6873.772
16308,4644.4272
16309,5865.656
16310,7065.326
16311,7072.1567
16312,7950.7144
16313,6426.8247
16314,4630.2827
16315,5813.7466
16316,6483.5757
16317,6623.9014
16318,5274.7295
16319,4012.3894
16320,5926.46
16321,3919.4812
16322,5240.126
16323,5879.44
16324,6461.2856
16325,5064.2285
16326,5787.62
16327,6206.1836
16328,7700.4575
16329,6651.598
16330,7194.914
16331,4198.4883
16332,6835.986
16333,7512.2925
16334,6768.6333
16335,6777.2515
16336,7257.9116
16337,6607.64
16338,5979.4116
16339,7204.271
16340,6846.469
16341,8028.6577
16342,7155.6274
16343,6168.352
16344,7176.5454
16345,4013.1963
16346,8155.4214
16347,6767.076
16348,6262.794
16349,8025.8013
16350,6480.606
16351,6219.601
16352,7934.2437
16353,2503.8093
16354,7348.054
16355,4560.559
16356,7131.6343
16357,6200.981
16358,5089.0894
16359,7665.1343
16360,7564.2134
16361,6559.6567
16362,7103.3647
16363,7509.998
16364,7300.9336
16365,5905.567
16366,6798.227
16367,6081.3423
16368,5888.2397
16369,5962.7344
16370,4314.784
16371,5399.016
16372,4162.322
16373,4294.8853
16374,6679.849
16375,5893.137
16376,5047.021
16377,3182.8945
16378,5740.469
16379,8161.7114
16380,3823.4204
16381,4826.7646
16382,6373.3926
16383,5629.1367
16384,5262.7656
16385,3761.4739
16386,4706.011
16387,5574.8228
16388,4602.6763
16389,6505.8794
16390,6711.355
16391,4151.2095
16392,5518.2324
16393,4229.267
16394,4022.571
16395,6170.9966
16396,3667.7395
16397,5861.358
16398,3565.3425
16399,4951.722
16400,4662.744
16401,4607.801
16402,5530.728
16403,6769.187
16404,6385.363
16405,7024.9883
16406,6797.1675
16407,5889.6343
16408,5829.8535
16409,7253.147
16410,5681.735
16411,7267.0444
16412,5969.847
16413,6312.281
16414,6377.696
16415,7519.5146
16416,4399.152
16417,6609.837
16418,5895.9956
16419,6720.927
16420,6609.1846
16421,6189.025
16422,3837.8792
16423,5987.109
16424,7694.9683
16425,4647.3477
16426,4807.0635
16427,5059.179
16428,6763.443
16429,4277.678
16430,4683.004
16431,6478.8276
16432,5825.8677
16433,2813.8655
16434,6385.136
16435,5047.8076
16436,5815.7476
16437,6483.8164
16438,4616.8716
16439,6123.499
16440,4578.9546
16441,7550.036
16442,8174.912
16443,6874.0767
16444,5032.204
16445,4377.44
16446,6692.331
16447,6262.7905
16448,7519.644
16449,6749.0103
16450,3605.8926
16451,6052.403
16452,7717.5063
16453,5246.4497
16454,5345.479
16455,7201.4907
16456,5342.8716
16457,7253.2417
16458,5131.2114
16459,7933.1743
16460,5152.521
16461,5770.8203
16462,8293.883
16463,6730.181
16464,4834.485
16465,6315.7773
16466,6590.8574
16467,4903.436
16468,5040.0435
16469,6430.15
16470,5872.0146
16471,5665.855
16472,4823.7397
16473,7136.237
16474,6303.8794
16475,5643.6304
16476,6606.272
16477,7603.061
16478,7963.6743
16479,4129.9
16480,6565.792
16481,6747.65
16482,6452.4976
16483,7082.4067
16484,8357.335
16485,7061.9478
16486,7013.0547
16487,6545.0474
16488,6384.4526
16489,5230.098
16490,5311.9023
16491,5470.732
16492,7957.406
16493,7529.816
16494,6951.039
16495,7818.635
16496,5534.6577
16497,6134.9326
16498,6630.655
16499,7288.1104
16500,8211.583
16501,4713.7046
16502,6185.0806
16503,4676.028
16504,3855.3206
16505,6221.7163
16506,4973.388
16507,3899.4583
16508,5643.679
16509,6099.363
16510,5157.31
16511,6988.7095
16512,6642.3003
16513,5378.4116
16514,4834.5845
16515,5698.123
16516,5291.6763
16517,4545.016
16518,7224.678
16519,4805.434
16520,7503.2344
16521,3577.1663
16522,7354.42
16523,5059.939
16524,5300.343
16525,5853.245
16526,6731.5034
16527,5862.5693
16528,5060.988
16529,6174.2544
16530,4470.749
16531,6219.027
16532,4236.1743
16533,3265.262
16534,3924.1396
16535,7354.945
16536,5597.56
16537,3015.6873
16538,6958.1167
16539,3541.2605
16540,5719.761
16541,3307.511
16542,5697.4
16543,6471.9004
16544,7254.563
16545,7500.371
16546,3970.3308
16547,3626.3457
16548,4600.2437
16549,7420.2803
16550,6663.3325
16551,7589.6597
16552,5748.139
16553,7731.3667
16554,5018.468
16555,6863.782
16556,3761.1433
16557,5753.983
16558,4831.604
16559,6593.0806
16560,5589.777
16561,8029.9966
16562,6680.8794
16563,5119.623
16564,7553.725
16565,6187.88
16566,6476.2583
16567,7755.5176
16568,4574.062
16569,3126.4717
16570,7757.061
16571,5695.851
16572,6037.791
16573,6194.0703
16574,3443.297
16575,4788.012
16576,4592.7134
16577,5924.0874
16578,6928.1567
16579,5852.6997
16580,7559.601
16581,5528.16
16582,3759.841
16583,7551.3774
16584,6257.18
16585,4886.458
16586,4949.173
16587,7572.3306
16588,5072.0957
16589,7196.095
16590,5794.3354
16591,6714.085
16592,5934.401
16593,6681.924
16594,5683.6655
16595,6073.627
16596,4946.0464
16597,5772.426
16598,6472.594
16599,6208.4087
16600,5963.3286
16601,5577.513
16602,7272.0854
16603,5209.9316
16604,6371.7944
16605,6179.4253
16606,4062.0583
16607,3687.8713
16608,4620.1494
16609,7432.3887
16610,6118.8833
16611,3942.6755
16612,7044.4185
16613,7798.322
16614,7256.7925
16615,7758.114
16616,6482.646
16617,4340.322
16618,6404.518
16619,5482.1616
16620,3698.1965
16621,5933.554
16622,6793.052
16623,6439.741
16624,6126.8022
16625,7291.5024
16626,7646.194
16627,6041.2363
16628,7013.8047
16629,6425.0063
16630,3855.6038
16631,3573.5872
16632,2802.7336
16633,8237.333
16634,3991.5823
16635,7108.5923
16636,7109.273
16637,6577.7817
16638,5939.437
16639,5202.05
16640,5751.956
16641,4694.4487
16642,6728.5317
16643,3185.8303
16644,3960.8816
16645,7684.2563
16646,4729.154
16647,4623.9263
16648,6645.8955
16649,6785.473
16650,3460.9392
16651,6334.677
16652,6490.182
16653,5885.5854
16654,5791.9473
16655,4357.802
16656,4623.5815
16657,4266.403
16658,8213.892
16659,6481.486
16660,5739.049
16661,7289.7495
16662,6492.145
16663,5113.572
16664,5581.774
16665,7295.142
16666,6602.2944
16667,7611.411
16668,6410.27
16669,8061.9
16670,6450.7617
16671,7330.495
16672,5035.3716
16673,3836.276
16674,5370.8257
16675,7568.1206
16676,4882.5728
16677,5627.844
16678,5549.2524
16679,3452.4187
16680,4252.5757
16681,6740.5933
16682,5003.656
16683,5192.4175
16684,5638.186
16685,7598.3843
16686,6582.9937
16687,3486.6292
16688,4244.774
16689,6713.4106
16690,6257.5083
16691,4002.6824
16692,7211.442
16693,6749.677
16694,5409.0713
16695,6621.9214
16696,3586.1624
16697,8135.0225
16698,6452.002
16699,3980.1873
16700,5893.6562
16701,7774.2437
16702,5109.2134
16703,6191.9478
16704,6681.153
16705,5790.269
16706,6144.0596
16707,5109.18
16708,7335.9937
16709,7452.4624
16710,4767.0933
16711,6715.126
16712,6847.321
16713,5894.3657
16714,5917.829
16715,6520.0103
16716,7144.7153
16717,6192.6616
16718,4508.9033
16719,4603.904
16720,7117.6157
16721,6240.604
16722,6209.733
16723,4089.693
16724,6346.4204
16725,6422.428
16726,4948.779
16727,7430.11
16728,4418.2954
16729,7174.6807
16730,7656.7075
16731,4731.1973
16732,6775.271
16733,5905.609
16734,6089.516
16735,6625.1978
16736,6988.1553
16737,2637.4675
16738,6278.1113
16739,4488.4526
16740,7947.754
16741,6794.6265
16742,5341.485
16743,3713.9363
16744,5798.9116
16745,5342.5747
16746,7557.4526
16747,6645.107
16748,5725.265
16749,7898.276
16750,8170.519
16751,4010.2617
16752,6291.14
16753,8053.683
16754,7783.6284
16755,4338.8086
16756,3471.1204
16757,3338.0476
16758,5467.0376
16759,8315.719
16760,6667.7856
16761,4637.227
16762,7511.5464
16763,6824.963
16764,5232.933
16765,4352.852
16766,6779.319
16767,6192.346
16768,5673.0693
16769,5705.6206
16770,6829.392
16771,7060.0967
16772,6006.3525
16773,7017.768
16774,3981.1667
16775,5475.511
16776,7752.39
16777,7313.7676
16778,6422.9688
16779,4379.064
16780,7256.668
16781,3742.9697
16782,6603.226
16783,6276.681
16784,6146.222
16785,7633.941
16786,7696.187
16787,7772.837
16788,5099.0977
16789,3881.9673
16790,6682.0093
16791,5844.453
16792,5611.4253
16793,7963.196
16794,5664.494
16795,7210.4062
16796,4364.6753
16797,4380.851
16798,7293.6084
16799,4994.3926
16800,5174.0728
16801,3938.9026
16802,4043.6672
16803,8136.8823
16804,6050.986
16805,6127.304
16806,7595.0767
16807,6429.5796
16808,7275.316
16809,8398.532
16810,6246.512
16811,5692.3228
16812,6341.9473
16813,8353.497
16814,5467.9517
16815,7340.834
16816,3659.036
16817,8004.4194
16818,6904.7407
16819,5608.522
16820,5464.5576
16821,5751.405
16822,6474.3657
16823,7663.0234
16824,6098.185
16825,6854.899
16826,4223.273
16827,5680.4663
16828,4389.217
16829,6777.468
16830,4221.3145
16831,3050.881
16832,6112.7817
16833,4029.899
16834,4231.9116
16835,6128.266
16836,6896.3193
16837,5938.314
16838,5870.809
16839,8209.126
16840,5310.406
16841,4677.19
16842,3924.4998
16843,8335.605
16844,4449.2993
16845,6337.595
16846,5728.101
16847,7159.032
16848,7155.015
16849,5992.6235
16850,6249.9526
16851,3334.2976
16852,3965.1614
16853,6210.111
16854,3192.384
16855,6127.4683
16856,4613.057
16857,6764.256
16858,7354.0923
16859,7229.119
16860,5565.896
16861,6576.2104
16862,7403.337
16863,7278.978
16864,5640.9824
16865,8144.779
16866,5989.0684
16867,6507.5483
16868,6350.496
16869,6798.879
16870,4376.2544
16871,6073.1455
16872,6171.6606
16873,7230.4995
16874,6131.3315
16875,5022.396
16876,7572.7964
16877,7737.538
16878,5055.4927
16879,5836.6016
16880,5695.1685
16881,5962.4775
16882,5906.358
16883,6137.0234
16884,6975.2847
16885,5730.6685
16886,6156.81
16887,4040.2292
16888,6235.681
16889,3640.7546
16890,6057.1235
16891,6662.3994
16892,7844.661
16893,4249.478
16894,2006.1624
16895,6166.0005
16896,5735.648
16897,5160.894
16898,6523.5493
16899,3816.8247
16900,5998.588
16901,6736.103
16902,3484.51
16903,4828.135
16904,6903.2896
16905,5742.624
16906,5814.6953
16907,5625.817
16908,5075.0454
16909,4120.6147
16910,5977.3755
16911,5573.508
16912,7586.786
16913,6080.146
16914,3704.6707
16915,2498.3435
16916,5808.363
16917,6300.204
16918,4554.0454
16919,6058.8306
16920,5708.7993
16921,7071.0522
16922,3837.0767
16923,4922.5205
16924,6811.8345
16925,4693.477
16926,6870.795
16927,6785.7495
16928,5355.974
16929,7487.6064
16930,5514.0356
16931,6354.0503
16932,4355.895
16933,7488.091
16934,7029.53
16935,5872.5117
16936,6599.6245
16937,6976.455
16938,6993.1763
16939,7041.026
16940,6784.5513
16941,5199.2085
16942,6677.768
16943,5121.0244
16944,5842.071
16945,4238.2183
16946,6831.1646
16947,6129.648
16948,6243.403
16949,4647.6543
16950,5207.3794
16951,5179.599
16952,6102.0444
16953,3102.7385
16954,5097.867
16955,7777.232
16956,5509.9165
16957,7540.905
16958,5930.3994
16959,8433.46
16960,4590.8687
16961,4112.7925
16962,5656.305
16963,6442.313
16964,4710.8706
16965,7038.237
16966,5364.969
16967,6117.265
16968,6338.8174
16969,7455.797
16970,5673.1797
16971,6896.139
16972,6520.652
16973,7375.376
16974,7587.3955
16975,7225.162
16976,6485.8896
16977,8296.597
16978,4164.156
16979,3677.8132
16980,7048.206
16981,6221.5845
16982,7269.6724
16983,7814.443
16984,6604.0737
16985,4697.0405
16986,5374.47
16987,4919.478
16988,5861.2407
16989,3911.5417
16990,7663.174
16991,6728.483
16992,5995.71
16993,5648.889
16994,8031.03
16995,4224.644
16996,5121.5767
16997,6597.291
16998,4859.307
16999,8203.206
17000,5522.4893
17001,4237.408
17002,6225.2173
17003,7795.981
17004,6212.952
17005,7103.7466
17006,4530.3623
17007,7650.8623
17008,5690.9536
17009,7224.5376
17010,6380.236
17011,6289.696
17012,6449.477
17013,6504.7983
17014,3813.3135
17015,6459.584
17016,7100.7017
17017,6713.485
17018,5786.517
17019,6464.1567
17020,5990.721
17021,6284.408
17022,6018.985
17023,5750.274
17024,7640.091
17025,3767.119
17026,7300.522
17027,4557.346
17028,7182.2974
17029,4587.1987
17030,7936.523
17031,5241.0615
17032,2452.9546
17033,6230.555
17034,4928.896
17035,6835.4126
17036,5273.5786
17037,7026.024
17038,6154.0312
17039,5429.1846
17040,6074.57
17041,7367.7026
17042,4483.917
17043,5859.1
17044,4180.9546
17045,8348.47
17046,6434.712
17047,6458.561
17048,4883.805
17049,5831.287
17050,4135.854
17051,6331.2715
17052,7025.618
17053,4139.4487
17054,4844.0884
17055,7708.432
17056,7125.7856
17057,5548.0503
17058,6209.353
17059,5910.0356
17060,8074.2476
17061,7481.925
17062,7087.4663
17063,5549.045
17064,6755.761
17065,6360.1274
17066,7223.514
17067,7789.7974
17068,7989.9644
17069,5815.7085
17070,5132.1777
17071,7990.694
17072,7340.8276
17073,8036.1597
17074,6838.3384
17075,7294.8687
17076,5178.422
17077,4253.5596
17078,6724.354
17079,4584.6606
17080,6555.056
17081,6299.3657
17082,6506.6294
17083,5764.189
17084,3513.911
17085,3823.567
17086,6453.784
17087,7580.0273
17088,8050.593
17089,5502.329
17090,7912.2295
17091,7226.9194
17092,6375.101
17093,6500.218
17094,4419.186
17095,3214.084
17096,3993.307
17097,7086.3794
17098,6475.226
17099,7196.815
17100,6793.82
17101,7508.1226
17102,6030.696
17103,4639.0933
17104,4388.0933
17105,6439.471
17106,7559.225
17107,6012.975
17108,8341.648
17109,6542.0767
17110,4979.8726
17111,5853.8496
17112,5299.225
17113,5902.4585
17114,5883.858
17115,6308.1997
17116,7174.73
17117,7466.4814
17118,5923.3403
17119,8143.5747
17120,5489.283
17121,4446.4478
17122,3371.456
17123,3666.6213
17124,6497.214
17125,6408.2104
17126,6498.6665
17127,3609.716
17128,8209.161
17129,4088.8025
17130,8030.9683
17131,6078.9
17132,6101.7397
17133,6166.171
17134,7207.73
17135,6200.446
17136,6120.925
17137,3975.4636
17138,3701.238
17139,3816.332
17140,6170.9453
17141,3966.1294
17142,8578.034
17143,4120.417
17144,3995.4595
17145,6831.2544
17146,5000.5977
17147,3382.5115
17148,7130.7393
17149,4110.7207
17150,4262.8613
17151,6894.108
17152,6464.094
17153,7685.27
17154,7123.0425
17155,6709.77
17156,7577.5273
17157,4256.428
17158,4387.024
17159,6652.902
17160,5340.728
17161,5856.815
17162,4228.596
17163,3573.153
17164,3397.5317
17165,6956.424
17166,6252.0986
17167,5874.169
17168,6102.0244
17169,6750.7866
17170,6270.0273
17171,5540.0435
17172,6010.4546
17173,8110.188
17174,5875.1704
17175,6837.014
17176,6453.93
17177,5859.189
17178,7194.674
17179,6694.6787
17180,4563.804
17181,5677.4136
17182,7674.1235
17183,6347.82
17184,4757.484
17185,8282.372
17186,7098.4116
17187,4174.659
17188,5717.9067
17189,3062.4968
17190,7959.4087
17191,6645.4995
17192,6108.9136
17193,7051.841
17194,5296.3843
17195,3655.0059
17196,4004.152
17197,3288.5105
17198,5993.779
17199,6625.999
17200,4157.095
17201,5753.317
17202,6398.7344
17203,5875.5513
17204,6268.178
17205,6660.2124
17206,5767.193
17207,5265.105
17208,5307.036
17209,7296.3276
17210,5123.5107
17211,8451.821
17212,4963.883
17213,6468.402
17214,5488.7554
17215,8208.282
17216,6579.517
17217,4103.269
17218,6766.521
17219,7800.3022
17220,7339.0757
17221,4365.0503
17222,4185.9307
17223,7697.7485
17224,5807.107
17225,7574.6665
17226,6455.881
17227,8096.348
17228,7154.4614
17229,6486.4683
17230,6219.2656
17231,7596.1963
17232,3887.4944
17233,4889.428
17234,6691.525
17235,5195.199
17236,6990.644
17237,6361.234
17238,4047.7302
17239,8307.727
17240,4768.735
17241,6559.3516
17242,6528.807
17243,6293.281
17244,4337.5503
17245,5361.4946
17246,6109.6753
17247,5074.7676
17248,8112.7524
17249,6998.071
17250,5890.355
17251,5089.1763
17252,7352.6895
17253,7271.5967
17254,4822.589
17255,7247.978
17256,5973.954
17257,5254.026
17258,4955.0103
17259,4028.595
17260,4304.638
17261,4356.796
17262,6741.9287
17263,7957.557
17264,6445.2124
17265,6999.116
17266,6001.3364
17267,6616.606
17268,7004.738
17269,5537.23
17270,7542.484
17271,5144.5522
17272,6061.33
17273,4426.807
17274,6396.723
17275,8058.6543
17276,6762.1353
17277,4023.6104
17278,7522.6733
17279,6081.7354
17280,7214.352
17281,7488.152
17282,5413.5513
17283,4820.6646
17284,6312.5747
17285,3766.6074
17286,5643.8057
17287,4334.7246
17288,6879.1167
17289,6519.3604
17290,7348.437
17291,6781.271
17292,4259.2563
17293,4848.144
17294,3377.2434
17295,6391.083
17296,6560.0957
17297,7257.453
17298,6851.9043
17299,6247.6196
17300,4321.983
17301,6862.3237
17302,5131.281
17303,6158.432
17304,7283.8687
17305,8144.5293
17306,6143.61
17307,7536.7295
17308,6437.2236
17309,6827.722
17310,7423.648
17311,7541.8057
17312,6739.0093
17313,6017.9478
17314,6471.5825
17315,6173.7573
17316,6855.142
17317,6036.795
17318,3224.7966
17319,6768.2153
17320,4115.602
17321,4664.384
17322,8032.975
17323,5584.7534
17324,7524.603
17325,6595.309
17326,7759.9766
17327,5978.5376
17328,4178.294
17329,6065.7964
17330,6669.5625
17331,5836.094
17332,5469.6187
17333,7228.363
17334,6930.589
17335,8317.333
17336,5034.8345
17337,4514.9126
17338,7288.763
17339,5340.851
17340,5541.2046
17341,5182.7837
17342,6171.7427
17343,6715.917
17344,5459.8267
17345,5078.762
17346,4481.9824
17347,6642.611
17348,4897.442
17349,6980.5054
17350,4822.517
17351,4546.7314
17352,7112.229
17353,6098.7593
17354,4973.1133
17355,6915.3857
17356,7112.5405
17357,3412.3376
17358,7808.902
17359,5148.682
17360,7629.683
17361,7723.9355
17362,6442.6226
17363,5380.4165
17364,3922.768
17365,7093.6274
17366,4158.322
17367,4270.445
17368,6444.159
17369,5066.5737
17370,4658.0854
17371,6859.708
17372,4186.1196
17373,7234.867
17374,7285.165
17375,6836.222
17376,6186.029
17377,8320.205
17378,5593.9995
17379,6846.8315
17380,5827.733
17381,7231.8335
17382,3925.8733
17383,4870.068
17384,6300.5024
17385,6507.1133
17386,5289.6523
17387,4877.888
17388,4291.404
17389,5896.945
17390,6566.312
17391,5443.3784
17392,3359.3713
17393,2722.222
17394,7731.6763
17395,5922.15
17396,5643.0557
17397,6911.441
17398,5528.262
17399,4790.69
17400,5999.9937
17401,6774.1895
17402,5657.31
17403,8155.556
17404,7232.1567
17405,4339.767
17406,7263.601
17407,7142.485
17408,5597.214
17409,2483.488
17410,4615.655
17411,8174.596
17412,6782.5747
17413,5908.139
17414,5507.6846
17415,6851.134
17416,5027.6997
17417,3150.4338
17418,4365.282
17419,4965.2715
17420,3609.9695
17421,5079.445
17422,6450.8735
17423,6804.2114
17424,6472.0576
17425,4535.487
17426,4234.3643
17427,3427.382
17428,5257.888
17429,4255.7007
17430,7355.262
17431,7078.4614
17432,3933.0137
17433,6703.2847
17434,3941.1619
17435,5468.9585
17436,7799.0513
17437,6273.489
17438,7551.728
17439,7321.4355
17440,7596.062
17441,3942.0486
17442,6691.6475
17443,6600.6445
17444,7533.785
17445,3483.3542
17446,4763.575
17447,3794.7607
17448,4624.2437
17449,6065.6216
17450,7284.0728
17451,3940.3835
17452,6474.265
17453,6975.8765
17454,6466.8926
17455,4612.0864
17456,7733.161
17457,6122.4478
17458,7301.264
17459,6404.429
17460,7073.083
17461,5159.156
17462,6164.265
17463,5205.699
17464,8072.795
17465,5358.911
17466,4356.3237
17467,7582.058
17468,4247.191
17469,6544.468
17470,4628.4546
17471,7716.957
17472,6173.524
17473,7743.4526
17474,5650.431
17475,5978.168
17476,7352.6753
17477,7254.2095
17478,7302.1177
17479,7438.9575
17480,6764.174
17481,5406.5396
17482,7504.71
17483,4271.02
17484,6297.3164
17485,4223.4263
17486,5706.443
17487,4277.2856
17488,7256.561
17489,5800.9536
17490,7216.026
17491,5854.816
17492,4635.042
17493,6711.879
17494,6370.736
17495,5371.5737
17496,5926.306
17497,6124.6597
17498,5826.8037
17499,3704.2874
17500,5070.7046
17501,5360.586
17502,5304.8125
17503,6125.8228
17504,7098.0605
17505,7973.447
17506,7839.763
17507,7394.5356
17508,6205.864
17509,5830.014
17510,6050.4634
17511,6732.6987
17512,6203.1846
17513,6252.3745
17514,5353.654
17515,2727.8147
17516,6616.429
17517,8170.7715
17518,4607.822
17519,3856.0632
17520,6567.3325
17521,3994.8613
17522,6680.7627
17523,6686.799
17524,4774.8003
17525,3601.7554
17526,8212.778
17527,6421.8647
17528,6967.665
17529,6711.4917
17530,4498.6587
17531,5999.108
17532,6041.261
17533,6137.939
17534,6089.3013
17535,7245.7427
17536,4914.8027
17537,7142.264
17538,7325.2344
17539,4770.515
17540,7770.4644
17541,4941.0054
17542,6957.342
17543,6793.677
17544,6601.9165
17545,6162.5894
17546,6203.623
17547,6467.599
17548,6984.1753
17549,7271.6304
17550,7252.9624
17551,5187.058
17552,6648.7163
17553,7265.9805
17554,5494.848
17555,7313.418
17556,4578.259
17557,6499.1665
17558,7359.218
17559,3795.1506
17560,6166.7334
17561,3999.7825
17562,6350.338
17563,7075.616
17564,8306.327
17565,7125.1987
17566,5441.4873
17567,6018.864
17568,7512.7646
17569,3736.231
17570,3386.5012
17571,8100.604
17572,7110.9077
17573,8019.3906
17574,4914.268
17575,5473.4707
17576,5609.5747
17577,4129.2847
17578,6952.7505
17579,6048.222
17580,7355.012
17581,5871.924
17582,7509.663
17583,7160.865
17584,6694.683
17585,7257.342
17586,5860.0166
17587,5534.4326
17588,7752.9575
17589,5939.184
17590,7987.8384
17591,3648.174
17592,7353.0713
17593,6389.204
17594,4127.105
17595,8006.0854
17596,7486.277
17597,7501.131
17598,4853.3115
17599,6121.8467
17600,5440.919
17601,7563.0396
17602,6157.2065
17603,4875.2085
17604,5568.4614
17605,5797.6313
17606,7500.4355
17607,6545.1284
17608,7564.132
17609,6537.9536
17610,5483.6343
17611,5316.976
17612,3969.363
17613,5902.836
17614,3259.4954
17615,5867.67
17616,5680.7046
17617,7305.181
17618,5251.318
17619,7105.6006
17620,6801.501
17621,8207.251
17622,5649.1636
17623,3737.9226
17624,3883.9397
17625,5401.5054
17626,4586.8477
17627,6982.2603
17628,5592.3003
17629,6783.5073
17630,6420.562
17631,5079.0073
17632,4093.9019
17633,5711.905
17634,3947.2576
17635,3983.1272
17636,6990.386
17637,7232.1304
17638,7083.53
17639,3465.913
17640,6573.685
17641,5400.812
17642,6349.376
17643,5668.4937
17644,4487.2163
17645,5068.927
17646,6946.187
17647,7942.237
17648,6141.6904
17649,5981.943
17650,4366.113
17651,7776.7046
17652,6319.3574
17653,5890.097
17654,8298.142
17655,7205.7974
17656,6092.312
17657,5855.2563
17658,7165.994
17659,5862.089
17660,6222.444
17661,6333.234
17662,6564.483
17663,5492.821
17664,6078.3584
17665,5477.6724
17666,6605.9473
17667,5974.7925
17668,5882.9717
17669,6976.596
17670,5964.15
17671,5781.6255
17672,5912.7036
17673,5884.72
17674,6421.03
17675,4023.155
17676,5537.2563
17677,6817.1143
17678,7221.507
17679,6556.186
17680,6699.709
17681,4536.595
17682,3880.4858
17683,5844.429
17684,7709.93
17685,6150.4097
17686,5815.85
17687,7240.1304
17688,4854.4136
17689,7321.146
17690,4891.484
17691,6172.5903
17692,4574.3677
17693,4805.83
17694,6510.572
17695,7807.644
17696,6143.0713
17697,6103.2886
17698,5448.3623
17699,6166.166
17700,7305.617
17701,4730.9136
17702,6249.0137
17703,6283.933
17704,4780.096
17705,6579.164
17706,7234.3257
17707,5197.5938
17708,6301.1206
17709,5405.1274
17710,7375.194
17711,6690.28
17712,5248.369
17713,7767.428
17714,3949.7578
17715,4564.69
17716,7172.8145
17717,6912.8394
17718,5832.0283
17719,6207.2812
17720,4636.401
17721,6860.653
17722,5218.0054
17723,5391.28
17724,6153.03
17725,4065.7769
17726,5906.4355
17727,3691.6353
17728,5410.69
17729,5848.228
17730,8144.025
17731,6103.155
17732,4166.7544
17733,7761.26
17734,3428.3467
17735,7717.117
17736,5759.1934
17737,4389.28
17738,5995.849
17739,5484.5464
17740,6549.65
17741,6667.7056
17742,4115.9673
17743,4840.765
17744,5316.4253
17745,8113.4116
17746,5021.306
17747,2834.4463
17748,6454.4897
17749,5420.52
17750,6365.184
17751,6073.369
17752,6328.9956
17753,8248.132
17754,6993.8696
17755,7327.0737
17756,6973.2534
17757,3273.885
17758,6290.197
17759,7050.7427
17760,5558.602
17761,6306.3374
17762,4570.112
17763,7697.1553
17764,5193.2637
17765,6373.8633
17766,5219.5596
17767,6047.6265
17768,4910.3945
17769,5776.075
17770,7869.3306
17771,7105.6597
17772,5780.487
17773,6450.3745
17774,6742.6846
17775,6497.818
17776,4123.7646
17777,4369.9194
17778,7062.4595
17779,5865.7163
17780,5499.4863
17781,5647.364
17782,3968.89
17783,6896.033
17784,6082.1284
17785,7727.6987
17786,4252.147
17787,5204.388
17788,5750.8257
17789,6686.3647
17790,5307.776
17791,6985.182
17792,6383.5522
17793,7574.444
17794,6455.704
17795,6014.0376
17796,7516.2573
17797,6745.7554
17798,6601.8276
17799,3270.4607
17800,6623.667
17801,3719.078
17802,6585.2163
17803,7006.7476
17804,5668.883
17805,4076.3542
17806,6265.419
17807,4626.0103
17808,3283.6936
17809,5834.149
17810,7034.6274
17811,4597.018
17812,6878.234
17813,3453.9404
17814,3250.9285
17815,4690.1143
17816,3827.0867
17817,3452.08
17818,5796.1353
17819,7231.6084
17820,7032.4985
17821,4321.4185
17822,6206.0225
17823,6339.3364
17824,7493.891
17825,7171.486
17826,8145.7
17827,5056.3013
17828,7485.182
17829,6798.6245
17830,8084.192
17831,6668.197
17832,7288.335
17833,5647.0044
17834,6106.3447
17835,6404.84
17836,5347.9224
17837,6414.0366
17838,6602.9937
17839,5873.987
17840,4020.1006
17841,3896.8762
17842,7271.561
17843,5709.0244
17844,4276.984
17845,7677.8306
17846,6240.052
17847,5451.822
17848,2400.551
17849,4747.688
17850,7415.579
17851,3436.184
17852,4963.5635
17853,4062.488
17854,6288.404
17855,5030.421
17856,8240.585
17857,5222.352
17858,4656.617
17859,7719.4575
17860,6047.5483
17861,7178.5464
17862,4021.1082
17863,3885.5422
17864,7034.807
17865,5040.397
17866,7476.0874
17867,5565.925
17868,4974.6387
17869,5491.568
17870,5892.5557
17871,6097.784
17872,2029.2555
17873,5491.493
17874,6517.4146
17875,4076.6052
17876,7983.471
17877,7827.8843
17878,6573.7065
17879,8066.1567
17880,4080.4568
17881,5488.2544
17882,5239.732
17883,6456.53
17884,6235.824
17885,6256.9424
17886,7640.299
17887,7780.647
17888,5326.538
17889,6334.026
17890,5608.0596
17891,8021.771
17892,5011.9243
17893,5903.624
17894,6887.4463
17895,7210.6704
17896,8041.3857
17897,6150.5938
17898,7569.404
17899,3465.4102
17900,7298.6475
17901,4800.761
17902,5848.486
17903,6519.6323
17904,6613.442
17905,7441.084
17906,4100.709
17907,7154.775
17908,7750.07
17909,6781.5317
17910,5122.938
17911,4941.348
17912,4136.982
17913,6902.8076
17914,5832.4697
17915,4760.9565
17916,3358.7815
17917,7440.656
17918,5039.6953
17919,6221.961
17920,4894.5747
17921,5664.852
17922,7560.0103
17923,4091.7654
17924,2495.6238
17925,5478.1714
17926,6859.099
17927,6444.7876
17928,4940.266
17929,6407.496
17930,3597.3318
17931,4981.658
17932,6021.603
17933,6618.8945
17934,6426.184
17935,5792.067
17936,7568.9937
17937,6351.4067
17938,7292.208
17939,6290.4697
17940,4165.0654
17941,6745.8643
17942,2702.9646
17943,7478.844
17944,6111.062
17945,6037.9995
17946,5778.5527
17947,4835.645
17948,7379.3906
17949,4931.1226
17950,5997.1797
17951,8062.6074
17952,7297.142
17953,7323.6484
17954,7336.8975
17955,5613.4497
17956,6369.398
17957,6139.0806
17958,6806.0596
17959,6497.034
17960,4512.7065
17961,4395.0566
17962,4975.1187
17963,6475.9893
17964,5672.2686
17965,4212.985
17966,5586.759
17967,5974.2666
17968,5451.1333
17969,3460.6252
17970,7232.77
17971,8111.483
17972,7368.637
17973,6658.434
17974,5763.603
17975,7455.1895
17976,6039.815
17977,3839.471
17978,6264.9595
17979,6139.364
17980,3896.9124
17981,6731.9326
17982,5498.711
17983,3941.7788
17984,8211.689
17985,6957.179
17986,5153.1733
17987,7474.939
17988,6436.345
17989,2672.28
17990,4332.438
17991,6315.4062
17992,6301.3745
17993,6449.0205
17994,6147.58
17995,6166.988
17996,5473.595
17997,5451.7446
17998,5551.1445
17999,4230.5767
18000,6600.6313
18001,4025.3645
18002,4922.264
18003,7399.8604
18004,5978.6323
18005,7486.277
18006,7182.5703
18007,5978.7495
18008,6681.4243
18009,5450.451
18010,3760.5918
18011,4006.28
18012,6248.2515
18013,6056.287
18014,5602.8794
18015,7311.0566
18016,7686.37
18017,4120.7827
18018,5824.378
18019,7291.9756
18020,6299.0854
18021,4267.5493
18022,5653.098
18023,5854.907
18024,8236.338
18025,6358.708
18026,7586.428
18027,6419.5845
18028,5990.8174
18029,6259.531
18030,6873.8535
18031,8149.5
18032,7279.394
18033,4924.5376
18034,5845.3247
18035,3966.9397
18036,6497.0557
18037,6525.8774
18038,7294.5874
18039,6066.706
18040,3953.497
18041,6018.48
18042,3690.154
18043,6404.3203
18044,7682.529
18045,5833.0396
18046,5679.022
18047,6741.764
18048,6928.2983
18049,8072.812
18050,6487.9106
18051,6461.955
18052,6386.543
18053,5333.556
18054,6248.9443
18055,8047.8022
18056,5199.6997
18057,6482.1226
18058,5234.0933
18059,6284.142
18060,5901.723
18061,6418.645
18062,7229.359
18063,5195.2515
18064,6540.021
18065,5589.2876
18066,7275.413
18067,4915.6523
18068,4521.079
18069,7563.511
18070,6328.869
18071,6980.378
18072,8379.737
18073,7278.898
18074,5882.4478
18075,6287.9346
18076,5156.392
18077,6740.646
18078,6125.6694
18079,6087.9497
18080,2406.0696
18081,4188.9526
18082,6302.445
18083,4042.0696
18084,6208.312
18085,5078.518
18086,7557.028
18087,8159.897
18088,4286.882
18089,7097.072
18090,6480.4966
18091,6371.861
18092,6540.9956
18093,5996.2827
18094,5742.359
18095,5457.7173
18096,5084.874
18097,7532.4917
18098,7495.9497
18099,4699.7954
18100,6629.216
18101,6953.895
18102,7928.185
18103,5862.844
18104,3968.531
18105,6689.47
18106,6347.1245
18107,6614.4272
18108,6055.904
18109,3894.4956
18110,7428.428
18111,7280.3794
18112,7222.509
18113,6851.74
18114,6155.5327
18115,5872.7417
18116,6811.5933
18117,6536.9165
18118,7606.364
18119,3952.998
18120,4007.9985
18121,5837.2773
18122,7305.9443
18123,5306.766
18124,4389.085
18125,7371.926
18126,6093.677
18127,8067.1226
18128,7425.0376
18129,4406.4062
18130,6445.432
18131,3274.8137
18132,8067.5806
18133,6372.46
18134,7829.4536
18135,5392.6514
18136,4397.219
18137,7277.7417
18138,5586.991
18139,4648.4194
18140,6330.784
18141,5614.5522
18142,6113.4307
18143,5844.261
18144,6617.6714
18145,4097.507
18146,5236.769
18147,6509.9097
18148,6602.262
18149,5923.559
18150,7501.0474
18151,7093.2974
18152,5102.913
18153,3300.4824
18154,6509.639
18155,8012.314
18156,5137.8774
18157,4955.6387
18158,6812.181
18159,6238.0513
18160,7328.219
18161,6625.7256
18162,6340.5356
18163,6618.518
18164,4138.7944
18165,7298.889
18166,6903.609
18167,7249.6626
18168,7264.0977
18169,6404.065
18170,7087.8794
18171,8176.1685
18172,7225.301
18173,6481.9907
18174,3994.3672
18175,3443.8967
18176,6346.4067
18177,6800.5474
18178,4307.112
18179,4559.7637
18180,4369.898
18181,6225.049
18182,7321.959
18183,6266.81
18184,6055.597
18185,3952.843
18186,2800.4778
18187,5829.4077
18188,6885.1187
18189,7183.4233
18190,6421.146
18191,4657.6694
18192,4986.6606
18193,7114.5137
18194,4995.533
18195,5030.887
18196,7117.2056
18197,7206.3647
18198,5167.1045
18199,4556.078
18200,7409.499
18201,6509.569
18202,6569.4175
18203,7150.112
18204,6750.6787
18205,7106.8877
18206,8037.0215
18207,6857.2485
18208,7098.442
18209,6510.4263
18210,7374.9253
18211,6468.797
18212,4540.1704
18213,7341.188
18214,7448.3516
18215,5685.186
18216,6631.7935
18217,7084.4746
18218,7386.307
18219,4493.197
18220,4920.724
18221,5608.716
18222,5066.8154
18223,5854.493
18224,6240.8457
18225,7086.03
18226,6912.489
18227,6941.3027
18228,4747.0576
18229,5139.6426
18230,6503.7856
18231,7140.9355
18232,4349.607
18233,5689.268
18234,6164.354
18235,6159.5103
18236,7283.025
18237,7501.565
18238,6587.435
18239,7075.0503
18240,3493.513
18241,7343.5835
18242,7598.8813
18243,6510.649
18244,8047.931
18245,3994.6077
18246,6551.862
18247,7778.3784
18248,5439.8057
18249,7253.9766
18250,7432.847
18251,6306.8164
18252,6598.8203
18253,5041.313
18254,6359.025
18255,7079.428
18256,6127.1914
18257,6256.5625
18258,6395.991
18259,6366.707
18260,7364.481
18261,4912.656
18262,4538.1772
18263,5639.7554
18264,6384.102
18265,3408.8745
18266,5395.814
18267,5982.1245
18268,7545.9927
18269,7392.155
18270,5854.319
18271,5810.3315
18272,4303.5884
18273,4827.6855
18274,7154.2095
18275,4392.0337
18276,3919.1086
18277,5010.328
18278,7065.7295
18279,5473.1357
18280,6473.679
18281,7117.731
18282,5988.2036
18283,6524.8696
18284,7975.667
18285,4768.6646
18286,6097.8716
18287,6107.703
18288,6861.712
18289,4248.9995
18290,6188.36
18291,4187.934
18292,4701.735
18293,6850.4004
18294,7190.733
18295,8008.927
18296,6767.2363
18297,7651.322
18298,7338.816
18299,6051.3564
18300,5416.2104
18301,5137.796
18302,7824.3833
18303,6799.0283
18304,6101.361
18305,7339.128
18306,7566.4985
18307,5347.27
18308,5406.521
18309,5585.698
18310,7178.4453
18311,7343.15
18312,7925.9976
18313,6051.357
18314,6463.089
18315,6711.954
18316,5648.185
18317,6510.285
18318,5202.3364
18319,6062.221
18320,6295.819
18321,6431.1733
18322,4007.8616
18323,7708.596
18324,6473.2524
18325,7126.5415
18326,5665.3574
18327,5270.4067
18328,7002.587
18329,4628.589
18330,6531.803
18331,6088.069
18332,6335.467
18333,7725.741
18334,5352.8306
18335,4725.237
18336,7968.6025
18337,6294.491
18338,5310.531
18339,7033.7583
18340,5298.7886
18341,5160.3823
18342,6238.192
18343,7588.0757
18344,7963.7964
18345,5902.6055
18346,6233.7417
18347,6499.5327
18348,6995.5806
18349,8004.436
18350,6558.702
18351,3676.0125
18352,5929.286
18353,6189.789
18354,6740.3433
18355,5022.63
18356,4594.2964
18357,3681.1921
18358,6810.7817
18359,4543.017
18360,8165.8735
18361,3777.9607
18362,6358.7065
18363,7247.053
18364,5582.957
18365,4687.869
18366,7499.6406
18367,7281.301
18368,4240.8267
18369,5819.902
18370,6320.181
18371,4054.8542
18372,6552.264
18373,7791.5923
18374,3983.386
18375,6245.0195
18376,4132.074
18377,5836.9844
18378,7242.7466
18379,5757.7817
18380,6818.849
18381,5716.42
18382,6581.99
18383,7500.184
18384,5773.744
18385,5412.7246
18386,8396.639
18387,5608.043
18388,5626.109
18389,6838.2437
18390,7406.13
18391,7178.327
18392,6318.9995
18393,6208.694
18394,6374.267
18395,4314.657
18396,7136.866
18397,5991.2954
18398,5400.1226
18399,5796.31
18400,5225.4985
18401,6527.7007
18402,6208.7935
18403,4342.2905
18404,7579.168
18405,7249.1646
18406,7698.932
18407,6188.2026
18408,7295.6655
18409,5509.7905
18410,6977.261
18411,5504.4478
18412,6447.7114
18413,6318.8823
18414,5693.5757
18415,5503.9946
18416,3678.3909
18417,5487.5767
18418,5389.918
18419,5445.101
18420,7420.1406
18421,3469.7856
18422,6213.2993
18423,4590.256
18424,5231.8594
18425,3952.4841
18426,5778.4683
18427,5918.025
18428,5515.7725
18429,5631.8477
18430,7143.0386
18431,8130.4497
18432,7304.061
18433,6783.397
18434,6538.085
18435,6925.5483
18436,6250.3457
18437,4586.318
18438,5158.0767
18439,6188.693
18440,5917.124
18441,5048.2437
18442,6186.8325
18443,3912.8772
18444,4609.9136
18445,3841.6013
18446,4903.7817
18447,5883.0654
18448,2988.9626
18449,7818.692
18450,1665.4355
18451,7274.0435
18452,4884.9897
18453,6980.08
18454,6142.8647
18455,6798.405
18456,4843.6587
18457,4936.9653
18458,7841.2236
18459,6765.6787
18460,6392.9175
18461,4377.791
18462,5102.779
18463,7098.2363
18464,4137.0044
18465,6509.0874
18466,6901.032
18467,5064.858
18468,7266.6934
18469,6429.7993
18470,4055.3342
18471,6378.8423
18472,5611.726
18473,4022.0364
18474,7188.469
18475,6059.528
18476,7767.0205
18477,6367.1587
18478,6472.337
18479,6602.539
18480,6353.8076
18481,6578.5464
18482,3511.5933
18483,5863.113
18484,6224.831
18485,6852.7007
18486,5318.473
18487,7987.9985
18488,6751.6196
18489,7227.7793
18490,5389.5522
18491,6777.5186
18492,2384.1357
18493,7295.1514
18494,3996.419
18495,8180.7314
18496,7540.133
18497,8065.2495
18498,4288.184
18499,6230.843
18500,8221.655
18501,5857.515
18502,3787.6458
18503,5222.7393
18504,6974.309
18505,4181.305
18506,3258.3005
18507,6964.0034
18508,7225.579
18509,5346.9644
18510,7256.7427
18511,6980.171
18512,7983.942
18513,7592.076
18514,7589.289
18515,7065.401
18516,7445.8706
18517,3821.2717
18518,6148.8364
18519,6807.1753
18520,7189.6626
18521,7652.358
18522,4693.1313
18523,3864.1748
18524,6617.0557
18525,5667.7954
18526,3396.7185
18527,5483.7944
18528,5149.5625
18529,7349.163
18530,6195.5054
18531,7918.163
18532,8079.34
18533,6378.982
18534,6025.727
18535,6556.0737
18536,5235.53
18537,7448.7993
18538,3483.1414
18539,6548.35
18540,7281.3667
18541,5197.011
18542,7698.7544
18543,6031.532
18544,7754.981
18545,5008.1353
18546,7982.219
18547,7709.225
18548,7740.3506
18549,6607.702
18550,6770.1875
18551,6822.796
18552,7041.7837
18553,2798.0364
18554,7503.515
18555,6338.064
18556,7002.5786
18557,7054.236
18558,6119.8467
18559,7336.667
18560,5250.3813
18561,7695.635
18562,6518.3467
18563,3905.5398
18564,6287.0796
18565,6561.7725
18566,7126.8486
18567,6737.2334
18568,7133.43
18569,6193.612
18570,6788.1157
18571,4377.3657
18572,7595.887
18573,5900.017
18574,5153.5605
18575,7348.338
18576,7495.612
18577,5479.499
18578,5508.3545
18579,3712.044
18580,6215.962
18581,5850.779
18582,3326.7224
18583,5183.889
18584,8035.6333
18585,4591.5464
18586,4039.6462
18587,3916.714
18588,6752.033
18589,5185.967
18590,3828.407
18591,8046.273
18592,5875.5146
18593,7250.9995
18594,5019.153
18595,5902.9756
18596,5528.99
18597,7226.088
18598,6003.5166
18599,7577.952
18600,5787.117
18601,7337.0
18602,7931.7314
18603,3968.936
18604,6365.4844
18605,7240.9844
18606,6841.528
18607,6406.7007
18608,4073.1794
18609,6400.4536
18610,6735.2544
18611,5912.976
18612,6424.026
18613,4382.4604
18614,6774.259
18615,7720.732
18616,7967.095
18617,5197.6675
18618,7554.8223
18619,6713.1597
18620,7108.279
18621,5722.3374
18622,6226.654
18623,7518.9165
18624,6708.13
18625,7021.064
18626,6362.4546
18627,5997.034
18628,4736.6455
18629,6864.641
18630,5542.3843
18631,4766.059
18632,7940.0845
18633,5692.566
18634,6621.3804
18635,7740.8696
18636,7249.393
18637,6656.394
18638,4095.8054
18639,2756.3113
18640,7482.541
18641,4923.1733
18642,4114.3823
18643,3644.0752
18644,7471.1704
18645,6757.824
18646,6476.958
18647,6424.433
18648,5211.603
18649,3805.2117
18650,3180.1987
18651,7449.345
18652,6373.648
18653,4641.151
18654,7174.898
18655,7188.1675
18656,6601.9927
18657,6707.606
18658,4994.984
18659,7733.594
18660,6402.972
18661,6361.8525
18662,6113.006
18663,5262.558
18664,5688.865
18665,7367.812
18666,6942.5947
18667,6480.9375
18668,6458.6494
18669,4807.6084
18670,5536.8647
18671,8430.71
18672,8049.5415
18673,3940.8562
18674,7100.4507
18675,8028.6724
18676,5240.9917
18677,6333.6084
18678,6157.3384
18679,5437.176
18680,5312.4517
18681,6450.727
18682,5484.027
18683,8295.872
18684,7343.0874
18685,3516.0195
18686,5678.0854
18687,7385.013
18688,6552.647
18689,5579.8813
18690,5584.08
18691,5620.1055
18692,5860.7603
18693,4321.642
18694,3299.1653
18695,7796.564
18696,4339.0327
18697,6147.011
18698,5734.691
18699,4088.0837
18700,7058.4014
18701,6023.8276
18702,3311.327
18703,6156.2812
18704,5294.928
18705,5876.6704
18706,6172.5605
18707,7324.9683
18708,6197.6294
18709,3462.5066
18710,3636.1921
18711,6447.943
18712,6321.4604
18713,4325.0405
18714,8039.685
18715,5741.948
18716,5291.0786
18717,4432.1323
18718,3945.6375
18719,7136.4136
18720,3393.3296
18721,5244.5005
18722,6520.1616
18723,3809.909
18724,5504.579
18725,2514.6296
18726,5741.4014
18727,6365.446
18728,4712.4634
18729,7312.4683
18730,5862.6978
18731,6308.08
18732,7022.222
18733,6441.375
18734,4484.0005
18735,4187.0073
18736,7162.914
18737,7198.1655
18738,5385.4175
18739,7742.641
18740,5129.485
18741,4913.864
18742,6467.7134
18743,4591.9185
18744,5186.7607
18745,5250.0083
18746,4434.6855
18747,5872.2646
18748,7296.5776
18749,3331.917
18750,5727.7007
18751,3824.492
18752,8153.0854
18753,4316.862
18754,3252.6887
18755,6175.762
18756,6195.944
18757,7940.0396
18758,6430.5024
18759,7448.846
18760,6991.013
18761,5138.6724
18762,3168.5762
18763,4234.8296
18764,5756.7993
18765,5762.5396
18766,5817.778
18767,7460.473
18768,6995.4766
18769,5344.362
18770,6982.809
18771,3696.7793
18772,7325.806
18773,6645.6694
18774,5884.275
18775,5746.466
18776,5298.143
18777,5577.325
18778,3950.263
18779,5598.44
18780,6332.719
18781,5864.071
18782,3297.9485
18783,6873.6636
18784,7667.6226
18785,5378.473
18786,8064.3145
18787,6386.036
18788,5273.802
18789,7238.178
18790,5901.9204
18791,7291.152
18792,7108.639
18793,5018.424
18794,4905.1426
18795,6647.7617
18796,4499.608
18797,4505.2817
18798,3324.0972
18799,7376.939
18800,5424.2026
18801,4058.1804
18802,4663.0728
18803,5478.548
18804,7008.514
18805,6999.2925
18806,6897.1646
18807,7110.979
18808,5033.7524
18809,3998.7517
18810,8345.952
18811,4184.7407
18812,5660.3584
18813,3502.7375
18814,5272.7573
18815,5708.1724
18816,6381.6113
18817,7097.1484
18818,6127.8623
18819,4016.5332
18820,7519.5117
18821,7982.352
18822,3970.9043
18823,4701.0977
18824,5991.908
18825,6458.582
18826,5288.7954
18827,5873.105
18828,6587.4087
18829,4049.3896
18830,6416.199
18831,5446.185
18832,7684.3843
18833,3980.7776
18834,4626.068
18835,6053.574
18836,5105.203
18837,5363.6665
18838,8079.9253
18839,6083.272
18840,5363.475
18841,7004.9497
18842,5885.2295
18843,7559.5396
18844,5812.681
18845,3582.0737
18846,7586.596
18847,6110.8813
18848,3644.4385
18849,6277.9927
18850,6581.212
18851,6413.4014
18852,5583.68
18853,7913.964
18854,6431.605
18855,6221.7134
18856,4123.515
18857,6974.8496
18858,7327.9624
18859,6465.9263
18860,7686.2036
18861,6415.2573
18862,4735.2134
18863,6649.148
18864,5154.314
18865,6906.0073
18866,7991.752
18867,3619.1196
18868,3911.9429
18869,5209.5435
18870,6712.7505
18871,5150.9893
18872,5475.236
18873,6719.638
18874,6046.0415
18875,6487.981
18876,6279.852
18877,7022.012
18878,8085.638
18879,5704.6733
18880,6283.89
18881,5540.8384
18882,5725.3394
18883,4349.0503
18884,5214.981
18885,5042.1826
18886,7135.278
18887,3429.9805
18888,7444.7476
18889,7011.36
18890,8240.523
18891,6166.367
18892,3193.5417
18893,5923.4688
18894,8152.6724
18895,4895.0225
18896,8175.348
18897,6369.442
18898,3472.8289
18899,6768.6265
18900,6479.917
18901,4801.2954
18902,6084.782
18903,6092.9917
18904,6825.362
18905,4398.364
18906,6279.3345
18907,6323.892
18908,7312.4995
18909,4635.411
18910,6507.947
18911,6145.2075
18912,5759.495
18913,5708.7876
18914,4047.0437
18915,5552.042
18916,7544.805
18917,5276.3574
18918,7172.126
18919,2213.198
18920,5864.5444
18921,3987.898
18922,5609.9346
18923,7168.3354
18924,6168.247
18925,3828.9473
18926,5271.427
18927,4668.877
18928,4776.2446
18929,6004.2837
18930,5559.864
18931,5827.202
18932,6996.642
18933,4249.1333
18934,6098.5015
18935,6190.9263
18936,6064.594
18937,6719.436
18938,5016.57
18939,5568.508
18940,6557.922
18941,6923.578
18942,5648.259
18943,7383.762
18944,5640.521
18945,5987.097
18946,5032.189
18947,6807.831
18948,4661.394
18949,6308.445
18950,7047.9946
18951,7976.4805
18952,3566.2703
18953,6442.672
18954,3822.0847
18955,7432.223
18956,7311.0034
18957,7887.6743
18958,3784.7056
18959,4871.7275
18960,5702.5444
18961,5714.207
18962,5369.98
18963,4176.616
18964,6530.7485
18965,6105.176
18966,7237.9194
18967,5901.866
18968,3238.3047
18969,6722.22
18970,6800.1323
18971,7160.7827
18972,5672.5815
18973,2770.9792
18974,5022.9873
18975,6307.7456
18976,4714.3125
18977,7981.0063
18978,6145.778
18979,5865.4766
18980,5054.11
18981,6121.708
18982,4429.3506
18983,6184.068
18984,5931.6187
18985,7927.305
18986,6876.5664
18987,8172.232
18988,5826.2886
18989,7067.0576
18990,6153.4204
18991,8315.479
18992,5256.263
18993,6166.0903
18994,4992.415
18995,3850.411
18996,5595.5913
18997,7269.724
18998,4756.6606
18999,6789.7
19000,4046.5776
19001,7818.323
19002,4290.0474
19003,6106.83
19004,3287.432
19005,3725.5645
19006,4628.9316
19007,7404.1753
19008,6012.772
19009,6803.519
19010,5725.2935
19011,6125.8423
19012,8075.234
19013,3449.0972
19014,6553.9194
19015,6159.688
19016,8108.593
19017,6593.1704
19018,4205.153
19019,7814.8237
19020,7289.2505
19021,5595.7954
19022,6576.862
19023,5101.5312
19024,5810.969
19025,6620.4956
19026,5397.4575
19027,8187.944
19028,6102.9243
19029,3738.8933
19030,3312.2175
19031,7224.776
19032,6671.493
19033,6963.7334
19034,4122.2563
19035,6210.8423
19036,3998.2595
19037,4230.1284
19038,4042.162
19039,5197.7573
19040,6773.6616
19041,7187.1577
19042,5531.7944
19043,4094.5403
19044,5018.8286
19045,6787.154
19046,6644.381
19047,7520.783
19048,7598.761
19049,6230.023
19050,5191.7017
19051,5644.522
19052,7736.4966
19053,5963.2925
19054,7327.3145
19055,5711.9263
19056,6032.6694
19057,6900.265
19058,7307.1323
19059,7300.938
19060,7853.583
19061,5596.5264
19062,3385.3157
19063,6177.796
19064,7726.2197
19065,7154.7476
19066,5333.7656
19067,8172.476
19068,4872.935
19069,5542.768
19070,4131.229
19071,5472.531
19072,5665.0293
19073,7583.815
19074,6218.243
19075,7955.5864
19076,7708.887
19077,6075.262
19078,5493.029
19079,4097.259
19080,5490.588
19081,5671.4897
19082,7209.153
19083,4372.016
19084,4646.9253
19085,7108.183
19086,5154.652
19087,7242.758
19088,6430.222
19089,4670.5347
19090,5876.6284
19091,6478.39
19092,8220.12
19093,6615.6406
19094,7251.892
19095,7037.092
19096,4390.4126
19097,4964.317
19098,4100.321
19099,5020.6387
19100,6931.1685
19101,6691.407
19102,5201.354
19103,5748.761
19104,6633.483
19105,6653.965
19106,7274.3105
19107,7155.0312
19108,5670.2397
19109,5310.7217
19110,6468.8696
19111,7141.8394
19112,5215.264
19113,5576.238
19114,3889.6204
19115,6429.3926
19116,6196.379
19117,6693.8726
19118,6724.8926
19119,6832.809
19120,7211.335
19121,4418.1147
19122,5018.9863
19123,4224.362
19124,6362.858
19125,5970.4453
19126,5827.6978
19127,6272.1567
19128,8025.0312
19129,7853.859
19130,7438.845
19131,2580.4165
19132,5238.0405
19133,5860.9033
19134,7143.2188
19135,6492.595
19136,6751.607
19137,7238.8735
19138,4145.609
19139,6955.183
19140,6694.1147
19141,7579.23
19142,7707.535
19143,7576.513
19144,2755.0168
19145,6809.8755
19146,5837.2944
19147,7483.2964
19148,5749.024
19149,7050.2764
19150,7603.385
19151,3679.4421
19152,5648.7993
19153,6451.5615
19154,4528.9214
19155,5745.1665
19156,5615.9683
19157,4225.9673
19158,5544.429
19159,3224.8
19160,7137.4487
19161,5857.801
19162,7007.8696
19163,3986.5366
19164,3750.532
19165,7205.2046
19166,6848.1
19167,8137.316
19168,7192.613
19169,6956.434
19170,6322.297
19171,5225.243
19172,7019.1665
19173,5239.899
19174,6583.806
19175,7612.757
19176,5838.0947
19177,6965.558
19178,7071.7944
19179,6497.224
19180,5657.1
19181,3685.5957
19182,5810.437
19183,4246.0527
19184,5623.4233
19185,6778.3833
19186,7226.1655
19187,7561.4307
19188,3935.9246
19189,5787.301
19190,7063.2393
19191,4096.523
19192,6418.233
19193,7664.633
19194,4067.237
19195,5214.4673
19196,5337.4277
19197,7592.3735
19198,7627.0747
19199,2433.827
19200,4768.7573
19201,5656.3345
19202,8083.376
19203,4371.6035
19204,5904.5713
19205,6843.2905
19206,5534.997
19207,6180.219
19208,7721.347
19209,5387.9844
19210,4387.269
19211,4173.31
19212,5684.6484
19213,6616.886
19214,5253.945
19215,6548.3037
19216,7209.476
19217,6171.4053
19218,6672.5107
19219,7418.2964
19220,3342.071
19221,4298.234
19222,3861.095
19223,3382.163
19224,7576.1406
19225,3848.846
19226,6847.4673
19227,5380.698
19228,6241.021
19229,3891.7861
19230,6918.233
19231,3824.7085
19232,6579.9365
19233,5823.348
19234,6831.7476
19235,5820.035
19236,7943.253
19237,6351.9937
19238,4588.5005
19239,3938.3066
19240,6265.857
19241,6622.612
19242,6623.943
19243,7291.0864
19244,7993.6157
19245,5365.893
19246,7955.2886
19247,4997.881
19248,5393.2334
19249,4374.734
19250,6836.2437
19251,3990.658
19252,3979.887
19253,7298.29
19254,7802.3105
19255,7283.625
19256,6088.318
19257,7266.472
19258,4098.192
19259,5199.303
19260,3766.5007
19261,7256.727
19262,5771.6616
19263,7139.2544
19264,4790.326
19265,5393.778
19266,5297.396
19267,6131.0312
19268,7338.5283
19269,6482.5713
19270,5233.4985
19271,3718.0337
19272,8000.7734
19273,7341.3057
19274,5862.7495
19275,3602.5593
19276,4809.8257
19277,7270.8013
19278,5307.966
19279,5390.1953
19280,6135.246
19281,6129.1978
19282,5798.457
19283,6170.557
19284,4224.1016
19285,4112.1357
19286,8009.6772
19287,8008.317
19288,6482.5825
19289,4297.1294
19290,7193.4756
19291,6650.1646
19292,7572.9536
19293,5817.7397
19294,4374.0034
19295,7226.1226
19296,6257.9146
19297,7171.419
19298,6007.12
19299,7475.763
19300,3773.9534
19301,4545.719
19302,8169.458
19303,8697.186
19304,7753.6865
19305,6130.987
19306,4687.1626
19307,6484.0234
19308,6565.1235
19309,5003.8843
19310,5729.687
19311,7277.3726
19312,3674.1157
19313,5452.9097
19314,6482.3394
19315,7193.5635
19316,6112.513
19317,6129.177
19318,5616.8345
19319,8289.958
19320,4270.3716
19321,7826.649
19322,7000.0425
19323,4089.436
19324,6180.727
19325,8342.556
19326,4300.8716
19327,6709.271
19328,5119.418
19329,4390.3765
19330,7397.783
19331,6057.731
19332,6668.058
19333,7573.599
19334,5124.603
19335,7049.447
19336,4369.981
19337,4358.735
19338,7940.679
19339,7987.7495
19340,6454.184
19341,7558.0737
19342,5500.7715
19343,6926.9014
19344,5476.471
19345,5349.1357
19346,6169.5674
19347,4329.999
19348,6555.7695
19349,4410.213
19350,6143.8086
19351,6498.8755
19352,5619.644
19353,6483.297
19354,5952.2134
19355,6430.3813
19356,5986.224
19357,6456.4707
19358,6305.333
19359,5288.934
19360,4243.905
19361,3882.9119
19362,5007.8286
19363,6069.0347
19364,8060.3813
19365,7341.423
19366,5829.868
19367,7870.474
19368,5650.997
19369,3818.628
19370,7441.702
19371,6716.8115
19372,3050.3127
19373,5864.128
19374,4654.74
19375,3952.1584
19376,6943.3877
19377,8044.894
19378,3993.2688
19379,2789.6401
19380,6929.841
19381,3389.1462
19382,6200.0317
19383,6467.2007
19384,5304.354
19385,4195.3237
19386,6741.4126
19387,5317.121
19388,7374.763
19389,5681.133
19390,6347.4478
19391,4364.2607
19392,7149.558
19393,8029.6353
19394,7895.146
19395,7225.317
19396,6819.58
19397,5842.9673
19398,6390.332
19399,7092.643
19400,5570.572
19401,7506.4453
19402,3805.8801
19403,6520.4976
19404,6859.102
19405,3749.865
19406,5062.225
19407,5107.027
19408,6543.31
19409,4837.61
19410,5000.2827
19411,6790.927
19412,7282.828
19413,5435.86
19414,7615.0757
19415,5046.9414
19416,4588.9263
19417,7259.648
19418,6390.9077
19419,7174.326
19420,5030.904
19421,7677.398
19422,5516.989
19423,6554.443
19424,3974.094
19425,4025.8943
19426,5490.4116
19427,6505.684
19428,8287.0625
19429,5878.7095
19430,3938.0742
19431,7377.4575
19432,5867.5513
19433,6140.871
19434,5918.5757
19435,4767.8447
19436,6029.6323
19437,4834.2847
19438,7012.5786
19439,4835.7246
19440,7174.5527
19441,7177.4863
19442,6220.6313
19443,7693.165
19444,7855.5645
19445,5026.2524
19446,6363.777
19447,5526.685
19448,7156.778
19449,6440.4
19450,6472.2046
19451,5744.184
19452,4962.4697
19453,7116.588
19454,3915.8604
19455,6584.1743
19456,5082.009
19457,7187.477
19458,6786.008
19459,6980.233
19460,3311.6672
19461,5541.3213
19462,4877.237
19463,7570.003
19464,6636.8364
19465,6486.281
19466,3265.3706
19467,6743.3994
19468,4111.63
19469,6284.776
19470,6504.81
19471,6930.307
19472,7291.056
19473,6380.6396
19474,6538.9575
19475,6057.6704
19476,4694.0024
19477,3301.7217
19478,4372.5815
19479,6431.4336
19480,5865.193
19481,4208.0977
19482,3224.542
19483,3722.2615
19484,7514.8706
19485,5784.274
19486,6343.8516
19487,8017.9478
19488,6932.5913
19489,6164.387
19490,6158.727
19491,3416.2395
19492,7717.584
19493,7536.4404
19494,4009.0698
19495,6959.4536
19496,5467.323
19497,5014.7656
19498,4867.1724
19499,3465.6838
19500,4373.517
19501,7254.485
19502,5859.2617
19503,2247.055
19504,6332.777
19505,6783.2095
19506,3381.3987
19507,7138.5615
19508,7175.637
19509,3933.6047
19510,6710.3003
19511,6544.674
19512,4536.296
19513,6337.2734
19514,6447.622
19515,6476.0474
19516,7072.503
19517,6149.725
19518,6503.6367
19519,5431.0483
19520,6746.3994
19521,8372.423
19522,6175.7153
19523,4667.304
19524,7105.2954
19525,7557.2524
19526,5857.5923
19527,7810.9243
19528,4850.0303
19529,4953.041
19530,7775.814
19531,5172.8696
19532,7700.4946
19533,8064.7764
19534,6536.9927
19535,3839.5398
19536,3589.7346
19537,6310.1665
19538,5433.892
19539,5282.5
19540,4763.475
19541,6228.482
19542,6501.313
19543,8384.344
19544,6463.1587
19545,6097.972
19546,5810.867
19547,7367.8965
19548,5438.5854
19549,5782.0806
19550,5293.273
19551,5950.7095
19552,7115.696
19553,5496.124
19554,3314.111
19555,6283.529
19556,7181.573
19557,6394.3394
19558,3899.3174
19559,7639.572
19560,5125.2515
19561,6606.863
19562,5760.8496
19563,5835.113
19564,3877.4514
19565,6358.605
19566,6842.646
19567,6797.664
19568,6884.805
19569,5546.0
19570,5945.9756
19571,8201.851
19572,5023.331
19573,3539.4302
19574,3581.2876
19575,4022.2104
19576,5275.8296
19577,6535.066
19578,4519.0435
19579,7235.854
19580,8008.9673
19581,5402.4126
19582,3447.6426
19583,5997.044
19584,5896.198
19585,6762.986
19586,6301.848
19587,7753.018
19588,7386.7964
19589,6037.0566
19590,2531.3733
19591,5319.263
19592,3282.3904
19593,5892.666
19594,7241.236
19595,4837.5854
19596,7559.5054
19597,7653.0894
19598,4985.8477
19599,7438.7793
19600,6071.4497
19601,6380.7935
19602,5572.7886
19603,6571.781
19604,6806.8984
19605,6748.8794
19606,7307.435
19607,3731.528
19608,5698.076
19609,6842.2866
19610,7651.804
19611,5232.3716
19612,4572.9565
19613,4597.437
19614,4250.7173
19615,6946.315
19616,5983.5063
19617,5622.8374
19618,4671.0664
19619,5784.101
19620,7283.024
19621,3487.2244
19622,5828.1235
19623,6756.618
19624,3331.77
19625,3341.5254
19626,4299.929
19627,4611.518
19628,6846.8013
19629,7551.027
19630,7829.2153
19631,3378.014
19632,5599.262
19633,4644.648
19634,7201.3394
19635,7809.5483
19636,6210.747
19637,3714.3699
19638,6326.8667
19639,5901.902
19640,5480.331
19641,4790.0806
19642,8150.3804
19643,6433.39
19644,6119.559
19645,4324.1987
19646,7337.4062
19647,5866.9
19648,7181.89
19649,6528.015
19650,6256.3115
19651,5797.6797
19652,6165.973
19653,4981.337
19654,6303.2383
19655,6864.035
19656,7497.806
19657,7146.1987
19658,6702.5757
19659,5920.0967
19660,7670.5723
19661,7242.208
19662,5300.5215
19663,3862.4414
19664,3598.9358
19665,5579.2563
19666,5426.871
19667,7730.423
19668,6272.2725
19669,7312.3306
19670,5851.616
19671,5819.904
19672,6376.679
19673,3982.8445
19674,5699.9224
19675,5682.7515
19676,4392.6685
19677,6258.2075
19678,5184.936
19679,6779.6245
19680,3793.491
19681,4249.5444
19682,7267.519
19683,6283.4126
19684,6790.0103
19685,6574.0728
19686,5906.1587
19687,5363.2344
19688,7272.8115
19689,5641.0796
19690,4678.657
19691,4563.722
19692,7031.8633
19693,8169.906
19694,4884.776
19695,5137.33
19696,4050.479
19697,6781.0435
19698,7182.863
19699,7855.3843
19700,3780.2126
19701,6219.4688
19702,6856.5864
19703,5375.4863
19704,2767.4421
19705,5095.318
19706,4291.0645
19707,7512.804
19708,7712.973
19709,6569.901
19710,5039.711
19711,7334.835
19712,6417.523
19713,8373.673
19714,4334.759
19715,3918.5183
19716,3809.4167
19717,7313.64
19718,6448.7246
19719,7684.653
19720,3448.7268
19721,6132.4116
19722,5492.3726
19723,6087.9653
19724,5839.201
19725,5792.781
19726,3839.301
19727,6716.6655
19728,6891.1284
19729,8202.135
19730,4702.5024
19731,5241.152
19732,4000.5854
19733,6470.5376
19734,4081.286
19735,6358.4185
19736,7246.122
19737,6306.526
19738,5790.86
19739,7069.112
19740,7597.5557
19741,4766.047
19742,6245.7866
19743,7128.887
19744,5325.8687
19745,4923.981
19746,6745.1606
19747,3903.7883
19748,7518.2285
19749,6906.295
19750,5515.56
19751,5868.72
19752,5025.6465
19753,8387.466
19754,3744.261
19755,7220.773
19756,7287.3296
19757,7955.2485
19758,6551.859
19759,5344.7114
19760,6739.362
19761,7903.0405
19762,6884.24
19763,7295.4155
19764,5054.3276
19765,6500.4146
19766,5412.9097
19767,5223.642
19768,5401.06
19769,6962.345
19770,5397.406
19771,5749.8945
19772,4181.5576
19773,3789.828
19774,6713.9
19775,4986.0005
19776,6069.82
19777,7309.3306
19778,3924.778
19779,6611.571
19780,7496.095
19781,4547.655
19782,4923.804
19783,7180.931
19784,4349.1675
19785,3069.495
19786,6928.596
19787,6029.2393
19788,4673.916
19789,6696.3013
19790,5174.5444
19791,3903.5195
19792,6828.11
19793,6109.401
19794,4390.8853
19795,3202.7163
19796,5399.6816
19797,6865.1567
19798,6386.9194
19799,7343.0825
19800,7452.584
19801,4993.419
19802,5340.124
19803,8220.2705
19804,4259.1167
19805,5013.9185
19806,2408.38
19807,7787.984
19808,6174.4355
19809,4677.5576
19810,4201.975
19811,5437.5327
19812,6210.86
19813,6858.2515
19814,4367.2583
19815,7783.7305
19816,7139.563
19817,7257.524
19818,4531.0044
19819,5960.832
19820,5973.2437
19821,6945.3477
19822,7552.441
19823,4215.6577
19824,6505.4214
19825,6758.0767
19826,6519.444
19827,6050.857
19828,4471.521
19829,5221.2324
19830,7307.7896
19831,7289.1504
19832,5294.2954
19833,3826.9094
19834,2636.1316
19835,3947.7844
19836,6242.608
19837,6421.6045
19838,7096.947
19839,5221.3955
19840,6304.3926
19841,8267.215
19842,6319.0947
19843,6582.0415
19844,5860.7393
19845,4073.805
19846,3974.096
19847,4565.053
19848,5334.5234
19849,4024.3972
19850,7474.5327
19851,4086.1772
19852,4316.3765
19853,8258.293
19854,6982.3286
19855,5691.9507
19856,4252.7505
19857,5838.9307
19858,6517.796
19859,4884.0347
19860,4874.5625
19861,5258.08
19862,5373.8374
19863,5475.9116
19864,7158.1753
19865,5326.029
19866,4826.4395
19867,7062.865
19868,7279.497
19869,5131.149
19870,7527.349
19871,6113.6196
19872,6292.782
19873,5655.9053
19874,8254.689
19875,3947.774
19876,7438.966
19877,6339.2163
19878,7159.538
19879,5469.727
19880,5475.807
19881,7824.568
19882,6454.3843
19883,6012.4917
19884,6151.416
19885,6746.975
19886,6846.1113
19887,7286.13
19888,7262.4434
19889,6708.558
19890,6312.699
19891,7322.6567
19892,7124.616
19893,5493.389
19894,4120.459
19895,5966.5957
19896,4051.1052
19897,7393.3306
19898,4421.2847
19899,6425.305
19900,7309.361
19901,3975.6292
19902,7699.591
19903,3485.5342
19904,5469.788
19905,6240.822
19906,4944.762
19907,6516.4497
19908,5765.641
19909,6340.9077
19910,4030.5828
19911,8168.5254
19912,5233.955
19913,3826.3352
19914,6442.072
19915,6570.287
19916,3835.1904
19917,6165.768
19918,6823.1826
19919,4158.9385
19920,5037.351
19921,7968.216
19922,5012.0483
19923,6455.4766
19924,3931.427
19925,5733.723
19926,6171.18
19927,7600.572
19928,4537.69
19929,7028.5063
19930,7805.9087
19931,5220.4946
19932,7125.4487
19933,7329.5815
19934,8017.685
19935,6243.75
19936,7704.9688
19937,4914.6455
19938,6155.981
19939,4178.9893
19940,6405.0337
19941,4850.781
19942,6082.265
19943,6283.1357
19944,8246.304
19945,7275.845
19946,3928.2576
19947,5463.5674
19948,7433.029
19949,5874.68
19950,6679.8813
19951,2526.737
19952,6025.7104
19953,6797.0425
19954,6442.457
19955,7231.938
19956,7289.0474
19957,5302.7974
19958,4214.929
19959,4240.441
19960,6485.6533
19961,4920.5093
19962,6565.2817
19963,6433.918
19964,5832.9116
19965,5839.2847
19966,6266.471
19967,6698.012
19968,6873.566
19969,7376.6987
19970,5118.751
19971,7287.972
19972,6670.979
19973,7981.7065
19974,5832.3735
19975,7126.544
19976,4647.7007
19977,5510.226
19978,6735.538
19979,4705.877
19980,8363.263
19981,7949.451
19982,7280.3677
19983,6638.425
19984,3895.7673
19985,4000.7795
19986,4053.7449
19987,4042.0107
19988,8217.664
19989,6506.7896
19990,7560.7256
19991,5962.347
19992,4175.8823
19993,6292.105
19994,4670.113
19995,6793.004
19996,8194.764
19997,5244.8384
19998,6627.5503
19999,7601.7817
20000,5055.195
20001,6861.5933
20002,6045.5376
20003,7278.707
20004,3815.2012
20005,3686.285
20006,4238.551
20007,5518.2456
20008,6631.0874
20009,7296.7964
20010,6013.06
20011,3905.6301
20012,6147.6333
20013,6186.892
20014,4273.7603
20015,5009.568
20016,5934.035
20017,4712.3765
20018,5430.81
20019,5251.3096
20020,5308.7847
20021,7904.215
20022,6903.303
20023,5571.752
20024,4669.8296
20025,3473.0757
20026,5975.8096
20027,7184.3994
20028,5556.626
20029,6016.0576
20030,6185.5527
20031,6697.457
20032,4956.631
20033,4385.647
20034,6609.9067
20035,6080.2017
20036,4818.184
20037,7781.4253
20038,7529.689
20039,3550.8625
20040,6578.2725
20041,5617.2197
20042,6149.6973
20043,7285.2744
20044,3818.1677
20045,4614.181
20046,7476.245
20047,3487.8008
20048,6635.2886
20049,6525.5034
20050,6966.4116
20051,4559.7485
20052,4111.026
20053,5382.309
20054,7208.715
20055,6657.5693
20056,5838.6675
20057,6083.4487
20058,4284.447
20059,8031.605
20060,4101.008
20061,5823.2383
20062,7423.8267
20063,5426.441
20064,7230.377
20065,6012.8174
20066,5846.491
20067,3943.6172
20068,7196.526
20069,3244.089
20070,7830.1294
20071,6601.064
20072,7019.3096
20073,7265.487
20074,4564.7856
20075,5592.103
20076,5821.7637
20077,7073.5635
20078,5625.169
20079,7768.557
20080,7261.5923
20081,5798.928
20082,7444.2095
20083,7502.9165
20084,5808.0425
20085,6922.454
20086,3509.5862
20087,7619.2007
20088,5656.0615
20089,5963.7505
20090,5651.4517
20091,7766.7964
20092,7627.0806
20093,7194.8765
20094,6885.2764
20095,7771.066
20096,3388.821
20097,6260.7095
20098,3478.6572
20099,5191.4155
20100,6702.545
20101,6786.501
20102,3540.0427
20103,6544.4346
20104,6477.746
20105,5763.175
20106,4794.7417
20107,7250.056
20108,4726.198
20109,7194.7515
20110,8195.746
20111,5088.221
20112,4574.142
20113,8077.5205
20114,7483.405
20115,5817.713
20116,5426.4873
20117,8378.724
20118,6223.03
20119,5996.8174
20120,4970.799
20121,5901.886
20122,1355.2466
20123,6421.451
20124,4447.644
20125,6554.0015
20126,7663.2637
20127,5271.643
20128,7485.247
20129,6480.4326
20130,6402.562
20131,5840.594
20132,6333.427
20133,6379.694
20134,4355.2026
20135,7015.161
20136,6324.0947
20137,7561.024
20138,3353.8064
20139,5141.368
20140,5795.483
20141,5545.595
20142,6771.7046
20143,5190.5884
20144,6735.356
20145,6722.833
20146,4641.0376
20147,7302.638
20148,6083.7603
20149,7757.043
20150,4419.1772
20151,6093.4575
20152,8031.935
20153,4885.221
20154,3990.822
20155,5256.569
20156,6326.624
20157,6227.1313
20158,6183.877
20159,6437.6714
20160,4851.562
20161,3653.2363
20162,6369.1284
20163,3327.208
20164,6574.936
20165,5189.5894
20166,6321.0894
20167,7504.7534
20168,5846.61
20169,2758.86
20170,3760.2031
20171,6470.774
20172,7278.922
20173,6986.5425
20174,5756.5728
20175,5935.937
20176,6663.7095
20177,4023.8528
20178,5737.6284
20179,6234.8247
20180,3877.161
20181,7121.2505
20182,4635.4263
20183,6459.029
20184,6782.152
20185,5910.024
20186,8327.23
20187,6578.797
20188,8086.87
20189,5900.5127
20190,7807.1006
20191,3955.6475
20192,7925.7812
20193,3155.1875
20194,5617.643
20195,5988.989
20196,7657.145
20197,6153.3013
20198,6022.7944
20199,4638.643
20200,5521.275
20201,5185.484
20202,5258.9
20203,5656.6577
20204,5937.2925
20205,6507.67
20206,7847.781
20207,8093.277
20208,4906.7075
20209,5050.7583
20210,3567.75
20211,7634.0522
20212,6907.65
20213,7182.996
20214,7034.9106
20215,6624.538
20216,7115.6284
20217,6371.7056
20218,6443.811
20219,6736.8047
20220,6010.4937
20221,5450.4614
20222,6264.555
20223,6106.5513
20224,5409.6626
20225,4842.694
20226,7579.272
20227,8206.813
20228,5188.6274
20229,8135.3086
20230,5798.482
20231,7296.153
20232,6572.124
20233,6831.326
20234,5689.706
20235,5468.8794
20236,4941.008
20237,8131.851
20238,3180.2603
20239,7932.1245
20240,6801.7446
20241,7754.1035
20242,3132.6426
20243,7584.565
20244,6223.303
20245,7941.4736
20246,4726.299
20247,4302.7803
20248,3324.6238
20249,7291.4067
20250,7266.734
20251,7994.263
20252,7141.866
20253,6139.603
20254,8069.146
20255,3467.6375
20256,6854.287
20257,6704.2305
20258,5805.79
20259,6414.52
20260,4191.1143
20261,5596.3267
20262,7593.6284
20263,7287.3345
20264,5467.845
20265,7044.706
20266,5614.9663
20267,6229.239
20268,5909.2393
20269,5278.834
20270,3754.2751
20271,5484.9043
20272,7261.4585
20273,7202.1597
20274,2725.6633
20275,6811.9204
20276,7083.757
20277,3537.2786
20278,4334.865
20279,4240.213
20280,7673.571
20281,3668.1838
20282,6674.0386
20283,7206.6206
20284,6511.0894
20285,6073.7046
20286,6025.0566
20287,4400.23
20288,7325.441
20289,6995.78
20290,7055.5923
20291,5993.8813
20292,6380.819
20293,5950.8486
20294,4676.0996
20295,6637.6885
20296,7758.028
20297,7512.163
20298,7629.0737
20299,7432.2466
20300,4053.7668
20301,7511.0293
20302,4222.9546
20303,5006.0728
20304,3298.0588
20305,8074.3364
20306,6473.7344
20307,7663.14
20308,8078.7124
20309,6158.2656
20310,7942.781
20311,6067.028
20312,7314.1943
20313,4350.606
20314,4751.7056
20315,7740.916
20316,6381.129
20317,6788.055
20318,7312.7065
20319,6230.4995
20320,6177.64
20321,5105.7485
20322,3550.4434
20323,7553.5195
20324,5064.559
20325,7062.767
20326,4896.199
20327,2507.466
20328,4076.9385
20329,4131.2075
20330,7509.357
20331,5746.2476
20332,5746.1904
20333,3767.4397
20334,3927.0603
20335,4951.4077
20336,2790.7773
20337,5307.8735
20338,8249.835
20339,6799.77
20340,6109.0693
20341,6583.972
20342,6157.193
20343,6181.5464
20344,7218.1294
20345,6265.0923
20346,7273.3545
20347,6861.918
20348,5098.983
20349,4583.5034
20350,6990.647
20351,7255.052
20352,7244.5073
20353,8028.941
20354,6815.477
20355,5079.493
20356,3678.9458
20357,6577.8696
20358,5239.351
20359,7158.1504
20360,3845.717
20361,6208.9136
20362,7151.607
20363,7257.614
20364,6149.572
20365,5395.197
20366,6462.891
20367,6788.123
20368,7207.734
20369,6910.0415
20370,3618.6106
20371,5762.774
20372,5511.48
20373,5018.54
20374,6832.9585
20375,6848.72
20376,5802.8364
20377,7269.152
20378,6381.6567
20379,4822.9585
20380,3626.5415
20381,6556.017
20382,7035.2935
20383,6822.9473
20384,5624.7075
20385,4791.9897
20386,6368.5
20387,3991.611
20388,5329.684
20389,4340.721
20390,6612.0073
20391,6417.353
20392,4780.897
20393,6058.692
20394,7938.8843
20395,6389.906
20396,6117.87
20397,7205.656
20398,4082.3186
20399,3985.363
20400,5447.3687
20401,6413.3755
20402,6389.556
20403,5930.7085
20404,6172.2354
20405,6483.272
20406,6415.7393
20407,7089.5923
20408,7645.5083
20409,4365.808
20410,7521.0005
20411,4019.299
20412,6367.9897
20413,6668.5933
20414,7762.2915
20415,6951.776
20416,5840.5864
20417,6754.736
20418,7155.139
20419,6898.652
20420,7078.6265
20421,7251.644
20422,5860.9683
20423,5950.3228
20424,5304.2593
20425,6895.185
20426,5940.336
20427,7527.1343
20428,3683.7424
20429,6754.3604
20430,7106.103
20431,7447.5425
20432,7177.1655
20433,6911.6313
20434,5904.4033
20435,8022.581
20436,8024.2485
20437,6447.2227
20438,7485.2993
20439,7141.6772
20440,7381.2085
20441,7531.588
20442,7299.419
20443,4840.7007
20444,6418.3276
20445,6563.2866
20446,5867.601
20447,6042.072
20448,3274.1765
20449,6190.751
20450,7961.9536
20451,6368.4116
20452,5560.2827
20453,6790.133
20454,5706.733
20455,7141.8447
20456,7999.2993
20457,4888.9155
20458,7875.0396
20459,6512.028
20460,7452.2183
20461,6341.652
20462,6168.2197
20463,6051.8306
20464,6539.611
20465,5217.58
20466,6630.1055
20467,6064.739
20468,4300.863
20469,6127.4897
20470,6111.7446
20471,6785.337
20472,7305.7397
20473,4109.802
20474,7302.042
20475,4789.48
20476,7139.6675
20477,5304.6694
20478,6158.5166
20479,7675.7446
20480,6217.393
20481,6512.303
20482,4603.511
20483,6518.606
20484,4744.8403
20485,5386.6167
20486,6149.124
20487,3807.327
20488,7524.7974
20489,5658.259
20490,7353.723
20491,6307.6396
20492,6415.0137
20493,5977.8745
20494,3774.554
20495,8326.631
20496,4357.3716
20497,4094.1526
20498,3250.612
20499,6302.1567
20500,7222.956
20501,3450.1963
20502,5403.6646
20503,5490.924
20504,7800.9917
20505,5760.0234
20506,6494.316
20507,8056.3335
20508,6805.6216
20509,6398.504
20510,6494.368
20511,8397.206
20512,8000.0044
20513,4814.9805
20514,6191.5327
20515,8191.802
20516,5873.001
20517,7084.0396
20518,6743.0684
20519,5575.2686
20520,6588.7593
20521,6964.498
20522,7118.6377
20523,5826.4746
20524,8053.053
20525,7958.0044
20526,3963.0994
20527,5347.799
20528,8010.9907
20529,6086.0894
20530,3431.4534
20531,3338.0598
20532,3855.9124
20533,6520.984
20534,7339.088
20535,6529.3413
20536,5863.865
20537,7585.1807
20538,5317.319
20539,7150.606
20540,5669.3477
20541,6389.272
20542,5182.133
20543,6510.232
20544,8320.243
20545,3390.862
20546,7577.816
20547,8018.944
20548,7168.932
20549,6737.312
20550,4486.0664
20551,4635.844
20552,5572.4204
20553,6710.9243
20554,6471.414
20555,5742.7183
20556,5806.6343
20557,4978.8735
20558,7965.9375
20559,6501.9785
20560,7304.5425
20561,8091.562
20562,7907.947
20563,6064.6753
20564,7340.75
20565,7500.3647
20566,5183.1606
20567,6558.3125
20568,7427.4204
20569,6572.1235
20570,6208.704
20571,5236.239
20572,5447.643
20573,4160.6313
20574,8356.452
20575,4566.9556
20576,7214.854
20577,7042.833
20578,6440.9077
20579,7301.703
20580,4299.5063
20581,3079.6506
20582,7577.9985
20583,6063.7793
20584,8087.7104
20585,5636.3286
20586,7202.1265
20587,6052.9507
20588,4001.637
20589,5594.2764
20590,5300.9004
20591,3372.321
20592,5457.0195
20593,5536.4575
20594,6824.111
20595,7848.3794
20596,6202.053
20597,6439.7803
20598,3892.994
20599,7249.0034
20600,6807.102
20601,6595.1147
20602,4974.099
20603,6479.21
20604,7545.8857
20605,6573.7007
20606,4213.775
20607,5780.08
20608,5802.5156
20609,7688.611
20610,7251.5767
20611,4663.102
20612,7897.6133
20613,6716.4585
20614,4566.8228
20615,6062.7207
20616,2473.1853
20617,7816.868
20618,5467.922
20619,6323.303
20620,6627.3564
20621,5884.986
20622,4701.144
20623,5443.7754
20624,6378.6655
20625,6734.72
20626,4099.6313
20627,6137.3936
20628,7259.459
20629,6443.671
20630,5241.027
20631,5955.236
20632,7021.0996
20633,7710.4927
20634,6058.279
20635,4554.645
20636,5604.3013
20637,6430.1167
20638,3973.0613
20639,7660.3765
20640,6605.005
20641,4714.861
20642,5804.2744
20643,6474.571
20644,5738.555
20645,4504.1685
20646,5501.2866
20647,4828.8853
20648,6412.1
20649,5649.572
20650,6106.4663
20651,7563.9766
20652,5923.3687
20653,5812.235
20654,2781.5925
20655,5187.5815
20656,6402.3843
20657,4162.2075
20658,6465.307
20659,7704.929
20660,6001.7095
20661,6581.5327
20662,8197.171
20663,6801.381
20664,5568.936
20665,6525.789
20666,6010.6724
20667,5528.689
20668,6869.68
20669,3404.7898
20670,5833.719
20671,5048.458
20672,7988.905
20673,7716.089
20674,4422.106
20675,2469.3762
20676,5790.0776
20677,5081.428
20678,5412.1987
20679,5915.854
20680,7263.705
20681,6309.294
20682,7507.2573
20683,4425.4126
20684,4300.1416
20685,4454.9604
20686,6000.8667
20687,7252.9985
20688,6076.684
20689,4271.35
20690,5095.1987
20691,6925.621
20692,4674.4556
20693,4488.944
20694,6710.069
20695,4852.3354
20696,7513.526
20697,4388.153
20698,6192.4585
20699,7320.8237
20700,4790.901
20701,7030.069
20702,6697.1235
20703,7248.45
20704,7428.859
20705,6245.04
20706,6599.0923
20707,6577.013
20708,7564.252
20709,6075.703
20710,5636.1704
20711,5192.949
20712,6458.7407
20713,7219.105
20714,5918.577
20715,3531.3997
20716,4344.9946
20717,7237.803
20718,5256.4746
20719,7076.8013
20720,5597.68
20721,4002.2534
20722,5067.583
20723,5316.4536
20724,7831.766
20725,1378.7186
20726,5419.251
20727,7293.648
20728,4942.108
20729,4091.946
20730,3351.9507
20731,6144.439
20732,5948.235
20733,6474.9624
20734,5218.5483
20735,6844.805
20736,6642.2466
20737,6957.5454
20738,6254.3584
20739,5546.223
20740,6644.362
20741,7502.406
20742,6561.984
20743,7913.027
20744,6965.9355
20745,4351.498
20746,3393.653
20747,7554.597
20748,5130.8228
20749,7491.9624
20750,7584.314
20751,7094.9556
20752,4090.8384
20753,5721.025
20754,6979.0063
20755,3701.8176
20756,7683.647
20757,5866.524
20758,4898.814
20759,5591.6016
20760,5728.862
20761,6444.349
20762,7356.286
20763,7989.9766
20764,3475.4688
20765,6564.816
20766,7691.6475
20767,4011.8394
20768,7225.6763
20769,4796.8584
20770,5851.647
20771,5098.661
20772,7344.725
20773,6753.1187
20774,6739.796
20775,6964.766
20776,5703.934
20777,6297.849
20778,5923.6646
20779,5047.6284
20780,7251.8716
20781,6013.161
20782,6900.844
20783,3393.4368
20784,3505.182
20785,5103.0835
20786,4432.061
20787,6601.272
20788,5814.6265
20789,4947.132
20790,7060.2104
20791,6692.5396
20792,7949.0923
20793,5763.6353
20794,7321.8228
20795,6633.164
20796,7157.1577
20797,4741.916
20798,4408.9966
20799,5995.0293
20800,4569.9043
20801,6414.4263
20802,6837.434
20803,4525.6157
20804,7141.9204
20805,5598.3433
20806,6133.8022
20807,3703.6658
20808,3256.7556
20809,5803.2075
20810,3289.6995
20811,6222.3286
20812,4780.0347
20813,4237.7925
20814,4265.522
20815,6564.752
20816,8032.4014
20817,6490.2075
20818,6493.567
20819,5807.1187
20820,6457.7183
20821,4270.277
20822,6520.855
20823,3430.9177
20824,7295.979
20825,7382.9673
20826,5307.476
20827,5008.632
20828,5121.22
20829,4964.4863
20830,5954.103
20831,5753.58
20832,7264.312
20833,6154.9883
20834,6253.839
20835,4054.369
20836,6524.861
20837,7799.821
20838,7132.951
20839,6021.844
20840,3247.387
20841,4455.576
20842,6631.5015
20843,6456.403
20844,5787.7046
20845,3570.3713
20846,6301.245
20847,6909.91
20848,7183.2607
20849,3376.1233
20850,7544.2407
20851,6178.781
20852,6148.246
20853,4764.753
20854,6890.3374
20855,6757.8066
20856,4114.722
20857,5171.013
20858,6126.691
20859,6785.8013
20860,6320.7695
20861,4619.92
20862,5064.0806
20863,7752.976
20864,6441.3237
20865,6893.7905
20866,4251.8325
20867,7770.94
20868,7491.0166
20869,3036.008
20870,6698.5137
20871,5541.6436
20872,7505.5425
20873,5786.736
20874,5689.6455
20875,5994.61
20876,8071.133
20877,4535.2954
20878,7070.329
20879,4583.0435
20880,3364.7803
20881,5411.7607
20882,7218.3613
20883,6852.701
20884,5705.3145
20885,6436.1
20886,7598.285
20887,4900.95
20888,4115.3374
20889,8105.4185
20890,5840.7583
20891,5852.535
20892,4912.0874
20893,8099.5293
20894,7223.1924
20895,6820.237
20896,5131.997
20897,5068.4688
20898,6697.529
20899,4484.7886
20900,5212.142
20901,6403.6147
20902,5027.6836
20903,4171.6616
20904,6792.5034
20905,4862.4478
20906,6344.476
20907,6723.847
20908,7032.654
20909,7535.286
20910,7833.7183
20911,3467.7986
20912,6501.8843
20913,6458.447
20914,5609.3726
20915,7537.973
20916,6660.73
20917,7467.5728
20918,6832.5146
20919,7045.9194
20920,7659.1064
20921,6215.2144
20922,4188.648
20923,4282.8184
20924,7184.129
20925,5393.935
20926,3731.4497
20927,8172.469
20928,3959.213
20929,7592.943
20930,7022.1294
20931,6373.809
20932,6840.618
20933,6114.591
20934,4758.914
20935,5833.564
20936,6363.409
20937,6126.8223
20938,8057.2417
20939,6997.0347
20940,7349.9995
20941,5216.559
20942,5542.5806
20943,6509.1294
20944,5843.1826
20945,2751.251
20946,6903.1606
20947,6029.146
20948,4691.972
20949,6210.995
20950,4236.138
20951,5547.4517
20952,7596.149
20953,6445.659
20954,7544.41
20955,6984.3433
20956,4328.2896
20957,3968.8198
20958,5324.2173
20959,7052.3257
20960,3847.7878
20961,5479.441
20962,4986.451
20963,6609.1655
20964,8029.5405
20965,8136.3647
20966,6644.8423
20967,7145.1494
20968,6756.6255
20969,4269.7363
20970,6859.9272
20971,6232.1187
20972,3223.1475
20973,4836.5664
20974,4831.0796
20975,7295.9634
20976,6003.9688
20977,5080.4897
20978,4987.4907
20979,5697.568
20980,6398.6743
20981,7809.2114
20982,6392.026
20983,6649.6523
20984,3521.9055
20985,6379.5215
20986,6664.721
20987,6001.4536
20988,8075.433
20989,8378.624
20990,4312.36
20991,5573.9976
20992,8030.9883
20993,7780.32
20994,3754.1492
20995,4718.2783
20996,6569.744
20997,4600.407
20998,7416.8696
20999,5040.0073
21000,4040.1145
21001,6168.1167
21002,8128.4834
21003,4198.7983
21004,7506.7886
21005,6872.743
21006,6821.393
21007,5340.942
21008,7127.7495
21009,8134.8
21010,5648.4517
21011,6292.8457
21012,6483.0757
21013,5605.272
21014,7281.8193
21015,5830.5063
21016,6952.8027
21017,4629.2886
21018,5348.817
21019,6976.679
21020,7934.4897
21021,3362.4895
21022,5554.402
21023,6914.025
21024,6838.344
21025,5954.5444
21026,5876.637
21027,6510.3867
21028,6156.0234
21029,4981.8296
21030,5438.663
21031,7761.3584
21032,6417.104
21033,3719.3347
21034,6334.14
21035,6800.193
21036,3495.7678
21037,6662.86
21038,5776.057
21039,4044.7268
21040,5846.721
21041,6314.66
21042,6232.3184
21043,5850.7573
21044,3732.4395
21045,7153.7095
21046,7469.3315
21047,5653.946
21048,5049.404
21049,6643.8726
21050,6068.067
21051,3875.7856
21052,6607.3955
21053,4489.115
21054,7572.518
21055,7058.5996
21056,6114.279
21057,6062.3315
21058,5969.6045
21059,5578.728
21060,7351.867
21061,4275.922
21062,5520.5093
21063,7816.474
21064,4875.5596
21065,7337.0806
21066,5960.9756
21067,7749.4766
21068,6673.065
21069,6767.9146
21070,5919.315
21071,7209.9985
21072,6502.854
21073,6096.824
21074,6545.781
21075,4138.7056
21076,6943.204
21077,4221.6294
21078,4956.401
21079,5586.3403
21080,6763.5415
21081,5277.276
21082,6622.848
21083,6082.7944
21084,5643.184
21085,5127.6846
21086,7566.112
21087,6111.4067
21088,6877.437
21089,5007.986
21090,5484.645
21091,5164.1987
21092,7247.723
21093,5043.887
21094,6235.5225
21095,6697.7676
21096,6591.653
21097,3864.3982
21098,5549.4106
21099,6683.609
21100,4561.5303
21101,4503.6963
21102,6741.5337
21103,5675.2827
21104,3261.7388
21105,5455.1646
21106,3616.8123
21107,5356.1216
21108,6796.9907
21109,4359.9546
21110,5764.658
21111,4017.1907
21112,6430.5894
21113,7031.513
21114,6839.823
21115,3872.025
21116,5867.199
21117,5641.5728
21118,7142.0474
21119,4531.8975
21120,5351.7905
21121,4315.5107
21122,8203.347
21123,5979.8774
21124,6117.192
21125,7340.7437
21126,4748.486
21127,5496.7095
21128,6561.8975
21129,5581.231
21130,3940.3357
21131,8330.325
21132,3258.956
21133,6857.6777
21134,5894.525
21135,5325.8164
21136,6467.155
21137,4377.2695
21138,4482.9478
21139,5577.793
21140,6749.406
21141,4627.1113
21142,5648.9233
21143,6936.722
21144,5556.9463
21145,7556.0703
21146,3339.658
21147,4211.603
21148,4017.197
21149,7141.0566
21150,4600.757
21151,4314.1147
21152,6521.019
21153,3950.5383
21154,3979.7634
21155,6252.407
21156,7552.5146
21157,6427.6743
21158,4125.392
21159,7522.3267
21160,6514.9536
21161,5750.288
21162,6105.68
21163,4250.0176
21164,7611.015
21165,5712.9673
21166,7732.5254
21167,4141.358
21168,6411.3813
21169,7176.0845
21170,3864.0132
21171,7006.906
21172,7573.101
21173,6158.7534
21174,6435.7466
21175,8206.346
21176,5019.2583
21177,7568.855
21178,5782.7495
21179,6717.646
21180,6778.719
21181,7047.5913
21182,7568.0083
21183,5394.7603
21184,4021.7292
21185,6908.162
21186,8221.182
21187,4578.767
21188,4723.35
21189,5826.564
21190,7768.192
21191,5833.31
21192,5036.69
21193,3996.8494
21194,3890.7832
21195,6175.927
21196,2994.691
21197,7806.745
21198,7873.69
21199,6363.939
21200,4324.688
21201,6783.3384
21202,5454.979
21203,7219.0044
21204,7595.679
21205,7389.0103
21206,6366.809
21207,6513.9546
21208,5235.256
21209,7032.13
21210,7077.3726
21211,5975.5312
21212,6644.5713
21213,6097.2656
21214,6597.384
21215,5955.969
21216,6823.935
21217,5566.1904
21218,6842.531
21219,4875.3677
21220,5008.856
21221,5378.567
21222,4636.113
21223,3158.3948
21224,6457.32
21225,7295.1147
21226,6962.648
21227,6571.895
21228,6145.575
21229,5632.861
21230,6180.3306
21231,7308.8315
21232,6441.1655
21233,7858.184
21234,6787.457
21235,4341.0913
21236,6114.2925
21237,6814.0073
21238,7006.882
21239,6188.572
21240,6218.7686
21241,7537.039
21242,4087.8215
21243,4690.0283
21244,7537.486
21245,5904.785
21246,6189.8203
21247,7737.8735
21248,5687.191
21249,5806.736
21250,6137.392
21251,6824.9097
21252,3973.2124
21253,6524.263
21254,4730.6636
21255,6931.8774
21256,7577.872
21257,5834.65
21258,6470.0107
21259,3939.4749
21260,7191.9556
21261,3348.708
21262,4610.636
21263,4636.603
21264,6328.0474
21265,6525.0786
21266,6052.3945
21267,7846.298
21268,4252.982
21269,6414.43
21270,7566.281
21271,5857.056
21272,7336.621
21273,5086.6714
21274,6696.945
21275,5893.0337
21276,6484.1743
21277,6559.548
21278,6459.7393
21279,8059.2354
21280,7312.3423
21281,6746.7603
21282,5400.3857
21283,5869.4663
21284,5140.855
21285,3386.218
21286,7881.9526
21287,7899.3237
21288,6223.694
21289,6714.498
21290,5213.272
21291,5893.397
21292,5948.6553
21293,6572.5083
21294,6943.2847
21295,6780.166
21296,3192.2952
21297,3486.928
21298,5118.835
21299,5309.444
21300,7342.6597
21301,6475.892
21302,7207.811
21303,8006.6685
21304,4834.881
21305,7163.8022
21306,3480.5676
21307,5628.1587
21308,4130.596
21309,7257.315
21310,6651.2153
21311,3998.906
21312,6310.7856
21313,4127.0596
21314,8106.5435
21315,5480.156
21316,6560.388
21317,5547.1284
21318,7760.4946
21319,5882.75
21320,5734.488
21321,6115.851
21322,5315.692
21323,5979.4175
21324,5925.4883
21325,8264.089
21326,4340.464
21327,3664.14
21328,5155.4775
21329,7109.0825
21330,6106.7896
21331,3246.4373
21332,8064.4375
21333,6177.649
21334,8065.9355
21335,7418.8335
21336,6325.1294
21337,5085.3306
21338,5679.5044
21339,5782.5366
21340,5498.1953
21341,3985.6384
21342,4175.471
21343,6193.184
21344,7958.6196
21345,7500.5776
21346,5802.8022
21347,5443.18
21348,6815.705
21349,5964.995
21350,5526.739
21351,7103.7686
21352,6519.987
21353,6147.0454
21354,6274.1685
21355,6188.3003
21356,7239.099
21357,6439.041
21358,6473.799
21359,7339.637
21360,3417.8333
21361,7357.2124
21362,6111.622
21363,6430.806
21364,8153.8643
21365,8182.2725
21366,7468.6724
21367,7741.7354
21368,6570.057
21369,6394.782
21370,7251.465
21371,6464.459
21372,7441.393
21373,7770.227
21374,6692.7104
21375,7141.176
21376,4085.8503
21377,4919.045
21378,5291.0786
21379,5297.83
21380,5802.141
21381,7668.2124
21382,5554.4233
21383,7364.037
21384,4623.437
21385,6846.025
21386,8244.821
21387,6486.189
21388,6662.279
21389,6633.37
21390,7879.281
21391,6295.7495
21392,5778.46
21393,4052.3066
21394,3297.272
21395,6120.702
21396,4406.9595
21397,6410.644
21398,5592.656
21399,5306.903
21400,4189.2095
21401,4659.542
21402,7243.908
21403,5096.1274
21404,5921.8667
21405,6348.411
21406,4430.5107
21407,4391.4272
21408,4711.8276
21409,6690.928
21410,7043.7817
21411,7743.026
21412,3581.7117
21413,6365.934
21414,4977.8325
21415,5909.022
21416,6504.8315
21417,7971.267
21418,3685.9536
21419,4144.8696
21420,6891.86
21421,3802.9387
21422,6273.4243
21423,5816.2144
21424,6611.975
21425,5555.486
21426,6557.4746
21427,8191.825
21428,5086.2754
21429,4364.0312
21430,6595.9707
21431,6120.728
21432,5602.826
21433,3997.3367
21434,6109.851
21435,5634.6997
21436,4785.847
21437,7705.5312
21438,6487.305
21439,7034.1533
21440,7913.983
21441,7758.311
21442,6958.7114
21443,5890.1406
21444,6854.2505
21445,4658.7407
21446,5363.141
21447,5083.753
21448,3965.3489
21449,5682.4204
21450,4095.2986
21451,6086.352
21452,5440.1577
21453,6593.669
21454,4577.6973
21455,3815.6438
21456,4581.7114
21457,5759.0044
21458,7240.9077
21459,6434.1997
21460,6797.978
21461,4369.3296
21462,7513.964
21463,5439.366
21464,4856.5713
21465,6750.3677
21466,6648.673
21467,8027.7266
21468,6423.067
21469,3927.9324
21470,5364.957
21471,5737.3687
21472,5441.472
21473,3894.3684
21474,6240.555
21475,5855.5054
21476,7071.103
21477,6867.612
21478,6610.423
21479,8068.573
21480,7088.514
21481,7488.725
21482,6041.3633
21483,6494.141
21484,7254.7847
21485,2057.7573
21486,4532.5444
21487,6727.8457
21488,7246.447
21489,7387.7
21490,5084.55
21491,5036.211
21492,7238.0825
21493,6218.1484
21494,4605.1597
21495,6119.482
21496,6908.5747
21497,3870.9744
21498,4663.1436
21499,4673.4614
21500,8357.906
21501,6579.6973
21502,7529.643
21503,5551.517
21504,7912.2056
21505,4212.5015
21506,5910.1597
21507,7143.722
21508,4102.69
21509,6778.879
21510,7098.0674
21511,7634.5713
21512,4362.9526
21513,5549.682
21514,6163.223
21515,5583.047
21516,5673.2495
21517,5641.847
21518,5169.757
21519,6113.85
21520,6117.4478
21521,6138.73
21522,5917.9365
21523,7246.63
21524,4173.146
21525,6940.014
21526,5449.138
21527,5789.6685
21528,5227.6353
21529,5805.28
21530,6796.145
21531,6453.935
21532,2530.7805
21533,7526.597
21534,4108.48
21535,6992.39
21536,5847.3486
21537,3626.2246
21538,4416.1904
21539,3867.7043
21540,4341.4956
21541,4043.2483
21542,8357.687
21543,7498.8794
21544,7161.6196
21545,6011.031
21546,4875.8237
21547,5467.5435
21548,7569.5166
21549,7174.9077
21550,6921.092
21551,7871.663
21552,3782.9675
21553,5524.0894
21554,4892.3296
21555,5656.6987
21556,5799.081
21557,6440.9663
21558,6095.5454
21559,3966.4272
21560,6872.73
21561,6261.2534
21562,6322.8745
21563,8151.8184
21564,8299.418
21565,5252.6343
21566,7044.1216
21567,6491.564
21568,5452.2495
21569,7972.355
21570,6742.0493
21571,6839.4326
21572,3790.8445
21573,5998.4375
21574,5329.968
21575,6375.79
21576,5226.319
21577,5474.639
21578,6103.446
21579,5098.351
21580,7238.3403
21581,6172.0312
21582,6202.737
21583,7317.9814
21584,5727.7866
21585,7765.9844
21586,6947.324
21587,4856.3594
21588,4357.528
21589,4795.359
21590,5419.4404
21591,6444.405
21592,4125.952
21593,6036.572
21594,6334.4346
21595,6053.281
21596,6479.749
21597,7091.982
21598,7316.5635
21599,4202.815
21600,3399.925
21601,7966.4937
21602,6166.9146
21603,5508.1436
21604,6226.6953
21605,7614.281
21606,7575.9917
21607,6192.9907
21608,5719.1304
21609,6712.483
21610,4920.383
21611,5271.472
21612,5666.387
21613,6116.56
21614,8214.187
21615,5144.959
21616,6377.047
21617,6801.7065
21618,7739.969
21619,4726.236
21620,4768.906
21621,7740.6333
21622,6846.1475
21623,6070.9214
21624,3078.2427
21625,7260.128
21626,4468.54
21627,7525.976
21628,4321.277
21629,7775.4116
21630,3930.9314
21631,4535.0483
21632,3869.86
21633,6240.028
21634,3636.7185
21635,6480.182
21636,6839.3745
21637,7262.3735
21638,4042.6187
21639,6127.366
21640,5786.764
21641,5247.857
21642,5852.213
21643,4572.692
21644,5554.9194
21645,6623.324
21646,4542.638
21647,2822.1453
21648,6831.3755
21649,3442.0398
21650,4467.5044
21651,5975.441
21652,4692.8877
21653,7609.5044
21654,5306.335
21655,6790.189
21656,7849.768
21657,7020.3774
21658,7761.5415
21659,6534.3315
21660,3685.7563
21661,5964.9404
21662,3705.7656
21663,6362.943
21664,4212.4956
21665,4599.1367
21666,5082.2993
21667,5003.0356
21668,7312.0894
21669,7545.9956
21670,7890.098
21671,4305.81
21672,6783.824
21673,7320.689
21674,7717.57
21675,2992.1885
21676,7223.534
21677,6809.2417
21678,6594.8276
21679,6928.012
21680,4978.4204
21681,4323.351
21682,7781.721
21683,6390.863
21684,8054.9546
21685,6426.5444
21686,4127.779
21687,4359.606
21688,6630.4897
21689,5197.2407
21690,8372.13
21691,6698.4106
21692,3951.3801
21693,6368.9644
21694,7232.275
21695,3225.155
21696,7472.228
21697,7056.747
21698,3434.7297
21699,6547.6616
21700,7286.8296
21701,5882.1035
21702,5854.287
21703,7778.6626
21704,7547.3174
21705,6458.278
21706,6132.79
21707,5112.185
21708,7426.5503
21709,5419.6157
21710,6439.4077
21711,7467.435
21712,7580.9556
21713,3937.3318
21714,2833.3147
21715,3091.2883
21716,7229.0327
21717,7434.111
21718,6419.3896
21719,4543.225
21720,6092.305
21721,4518.6353
21722,6620.299
21723,3795.7346
21724,6249.3735
21725,6281.556
21726,8070.058
21727,8243.609
21728,5623.4487
21729,3628.5737
21730,7323.0864
21731,8228.866
21732,7459.0737
21733,5862.777
21734,5405.0874
21735,5443.053
21736,6422.144
21737,6068.1323
21738,7161.5425
21739,7090.913
21740,4745.922
21741,4051.55
21742,5792.028
21743,6603.361
21744,7266.122
21745,3942.1501
21746,4712.27
21747,7045.983
21748,3510.9053
21749,3839.4714
21750,7555.164
21751,8032.45
21752,7089.1523
21753,6137.2925
21754,5025.15
21755,5862.8687
21756,7762.3364
21757,5785.026
21758,7412.7876
21759,6595.5674
21760,5596.0396
21761,4020.122
21762,6500.2397
21763,5306.971
21764,3292.1433
21765,6276.012
21766,4738.808
21767,7498.183
21768,6405.9546
21769,6528.301
21770,6191.646
21771,5485.9224
21772,6461.7134
21773,7600.917
21774,6817.93
21775,4059.211
21776,3140.4504
21777,5108.8203
21778,5697.051
21779,4519.642
21780,5857.1133
21781,6904.0737
21782,5548.9663
21783,5883.932
21784,7249.363
21785,5001.769
21786,8125.401
21787,6668.6304
21788,4349.7104
21789,6873.026
21790,6329.468
21791,6121.675
21792,4567.479
21793,6894.9487
21794,5704.1235
21795,7707.0854
21796,6059.682
21797,6178.928
21798,3599.4744
21799,7707.2056
21800,4195.2075
21801,7864.867
21802,4378.863
21803,7053.1646
21804,6794.5527
21805,5568.445
21806,6797.2324
21807,7785.781
21808,5974.4453
21809,6057.815
21810,7758.665
21811,5436.835
21812,8014.081
21813,5863.227
21814,4075.3887
21815,5100.279
21816,6168.2056
21817,6391.591
21818,4943.013
21819,6574.7866
21820,7524.2466
21821,7422.8687
21822,4699.4624
21823,6990.667
21824,6492.1323
21825,4544.592
21826,6523.6733
21827,5907.298
21828,7241.6973
21829,6035.503
21830,5997.404
21831,5774.3203
21832,7058.682
21833,6370.8247
21834,7250.076
21835,4695.2236
21836,5525.4663
21837,4472.7095
21838,6303.5444
21839,7102.0503
21840,6659.868
21841,5048.9507
21842,6380.298
21843,6825.2773
21844,5034.802
21845,6211.538
21846,6736.1724
21847,7971.2954
21848,7304.145
21849,6375.1
21850,7477.973
21851,6266.024
21852,6035.0474
21853,4335.5073
21854,4979.279
21855,6734.5874
21856,3961.4954
21857,5755.6323
21858,5858.9
21859,6262.731
21860,6746.2544
21861,7722.362
21862,3473.2864
21863,6086.7817
21864,4323.1562
21865,4526.602
21866,3912.6797
21867,6435.3955
21868,7092.9966
21869,5911.9517
21870,4180.484
21871,7222.2217
21872,3000.4192
21873,3573.2458
21874,3606.549
21875,7649.3774
21876,3662.6594
21877,6151.735
21878,6859.306
21879,3987.5813
21880,5241.672
21881,6158.0176
21882,5839.034
21883,6216.153
21884,7007.353
21885,4848.807
21886,6235.3643
21887,7994.7056
21888,3652.1511
21889,3305.8071
21890,4530.163
21891,5731.2603
21892,6861.5005
21893,5715.983
21894,5246.602
21895,6075.82
21896,4839.4355
21897,7189.349
21898,5788.9927
21899,4577.297
21900,6766.6665
21901,5582.749
21902,4006.0718
21903,7068.2427
21904,5510.389
21905,5012.3247
21906,5407.346
21907,6119.6978
21908,5259.401
21909,5813.2407
21910,5814.3594
21911,3646.032
21912,7058.399
21913,5211.7417
21914,8143.668
21915,5471.761
21916,7048.0767
21917,8113.0903
21918,7399.025
21919,7938.6367
21920,4675.9214
21921,7556.104
21922,6346.3345
21923,7729.936
21924,4133.601
21925,3948.9573
21926,7171.8115
21927,6844.321
21928,4057.0125
21929,4366.071
21930,5117.077
21931,6243.8164
21932,4348.9136
21933,5657.2114
21934,7287.7437
21935,2701.3577
21936,8100.687
21937,7997.4824
21938,5666.5576
21939,7805.789
21940,5117.005
21941,5203.1733
21942,6188.326
21943,4804.228
21944,5379.4824
21945,7088.969
21946,4350.7407
21947,6909.195
21948,4612.2676
21949,5637.557
21950,3544.0037
21951,5456.9375
21952,3466.256
21953,6757.065
21954,4834.06
21955,4381.358
21956,4843.4253
21957,6415.514
21958,5950.7817
21959,5030.5703
21960,6994.6704
21961,7368.679
21962,6161.8447
21963,7303.636
21964,7322.4
21965,8142.483
21966,6776.26
21967,4785.8486
21968,5960.7935
21969,6007.262
21970,5949.229
21971,3442.5588
21972,6851.9194
21973,3968.4998
21974,5946.1606
21975,4350.318
21976,6228.63
21977,4950.9863
21978,3996.2798
21979,6815.1187
21980,5800.8853
21981,4963.027
21982,6109.846
21983,7305.1772
21984,8043.3984
21985,6612.093
21986,6069.0127
21987,4261.639
21988,7766.017
21989,8150.2334
21990,5223.5215
21991,6586.849
21992,7564.4214
21993,6806.2954
21994,7049.805
21995,6997.062
21996,5882.977
21997,6915.899
21998,7738.519
21999,5333.2075
22000,7236.4507
22001,4205.864
22002,7297.7705
22003,7307.101
22004,7536.0923
22005,2699.8662
22006,5960.892
22007,6113.514
22008,5283.315
22009,4567.977
22010,7527.9546
22011,6742.7476
22012,6185.064
22013,5809.4917
22014,6698.1743
22015,5111.5244
22016,4372.371
22017,6937.04
22018,7647.448
22019,4833.8433
22020,4080.6775
22021,6330.4214
22022,6437.4507
22023,6391.1113
22024,7167.698
22025,7864.446
22026,6472.919
22027,3209.595
22028,7690.8843
22029,5978.281
22030,6076.015
22031,6208.225
22032,3919.7764
22033,6893.3013
22034,5626.652
22035,8039.879
22036,5092.728
22037,6633.984
22038,6281.197
22039,6744.1143
22040,6841.9614
22041,6696.0522
22042,5283.089
22043,6230.2983
22044,6538.229
22045,4741.9956
22046,6661.5474
22047,6908.562
22048,8313.41
22049,4826.2324
22050,5836.3076
22051,7021.9644
22052,3220.361
22053,4090.6516
22054,7258.846
22055,5537.613
22056,4408.7026
22057,6793.0093
22058,5943.1704
22059,6583.0815
22060,6818.936
22061,4973.9443
22062,3565.95
22063,7101.563
22064,4897.3574
22065,7770.806
22066,6603.0845
22067,6411.936
22068,8088.773
22069,8298.36
22070,4201.477
22071,5083.2446
22072,4216.6226
22073,3178.6877
22074,5359.1
22075,5012.7334
22076,5836.564
22077,5106.317
22078,6720.7515
22079,6328.7505
22080,5450.2485
22081,7392.4365
22082,5002.278
22083,7323.062
22084,4942.0737
22085,3777.4563
22086,3090.4163
22087,6089.063
22088,5017.3613
22089,4311.784
22090,5466.1724
22091,4602.2983
22092,8289.241
22093,5733.6245
22094,7506.489
22095,7585.86
22096,6709.0625
22097,5498.6265
22098,6605.8267
22099,6803.225
22100,6816.0894
22101,7667.489
22102,5059.3003
22103,5447.76
22104,6015.816
22105,7717.7974
22106,7358.7427
22107,6459.021
22108,6948.499
22109,8046.3228
22110,5142.059
22111,6338.654
22112,4767.2314
22113,6524.77
22114,6800.167
22115,4564.305
22116,6765.522
22117,6434.5806
22118,4746.956
22119,5341.4424
22120,7967.0854
22121,3990.348
22122,5300.477
22123,5762.4497
22124,5335.7554
22125,6876.0107
22126,5682.852
22127,7204.5864
22128,6617.589
22129,7031.3086
22130,7592.457
22131,5537.8403
22132,6159.092
22133,7369.7886
22134,7752.801
22135,5870.734
22136,3919.2385
22137,6806.3804
22138,7292.352
22139,4896.839
22140,5111.815
22141,3679.9563
22142,3490.4573
22143,6841.7886
22144,4624.7046
22145,5255.956
22146,7213.0615
22147,7954.111
22148,6386.023
22149,4121.038
22150,7092.365
22151,6544.312
22152,3751.4075
22153,5193.4736
22154,6734.4766
22155,7595.48
22156,6117.572
22157,6529.124
22158,5124.5137
22159,5015.986
22160,7397.08
22161,8196.493
22162,4883.6646
22163,6466.944
22164,4954.186
22165,6834.5913
22166,7023.5425
22167,5418.9927
22168,4269.8647
22169,7291.661
22170,7254.1245
22171,6856.3457
22172,8102.033
22173,4242.2026
22174,7403.364
22175,4355.223
22176,3838.5564
22177,5429.8804
22178,7153.7666
22179,5892.6978
22180,4989.0005
22181,5112.318
22182,7277.404
22183,5005.847
22184,5561.1733
22185,6225.201
22186,6737.1084
22187,7529.251
22188,5528.3154
22189,3967.755
22190,6472.188
22191,4977.727
22192,6172.1587
22193,7087.434
22194,6131.1587
22195,5299.986
22196,5564.5894
22197,6811.9165
22198,5755.2915
22199,4436.442
22200,7218.108
22201,6080.101
22202,6486.5977
22203,6956.778
22204,6864.0757
22205,5871.952
22206,6127.477
22207,6749.4204
22208,6751.624
22209,7528.763
22210,6440.6406
22211,5478.271
22212,7609.9614
22213,7243.798
22214,4606.2236
22215,7241.1094
22216,6061.5186
22217,6500.579
22218,4090.6936
22219,7792.9746
22220,6751.7188
22221,6553.387
22222,4098.728
22223,6175.4653
22224,3577.7925
22225,3843.772
22226,2877.5347
22227,8023.9097
22228,6255.7656
22229,7296.1636
22230,4549.518
22231,6844.643
22232,5854.237
22233,4414.93
22234,4130.0986
22235,3948.6233
22236,7264.6284
22237,7061.481
22238,6262.065
22239,6256.547
22240,6802.06
22241,5943.081
22242,7407.5015
22243,5387.025
22244,7346.703
22245,4984.706
22246,4633.479
22247,3668.2913
22248,4824.9062
22249,5673.5044
22250,4349.5835
22251,4782.8115
22252,4618.428
22253,5095.7476
22254,6455.3315
22255,7736.5596
22256,5305.2085
22257,7303.4614
22258,3822.3186
22259,5028.0884
22260,6641.75
22261,6243.93
22262,5603.444
22263,6531.388
22264,7608.7173
22265,7196.9395
22266,7384.94
22267,7067.8438
22268,4339.176
22269,5811.732
22270,4170.183
22271,3344.6182
22272,5320.022
22273,4282.4985
22274,6978.2905
22275,7456.9614
22276,4060.9065
22277,7068.05
22278,4148.7417
22279,7879.9844
22280,6903.6475
22281,7094.2305
22282,3417.0337
22283,6912.9795
22284,5496.071
22285,6064.7603
22286,8263.278
22287,5786.32
22288,7496.8423
22289,4203.7217
22290,6392.1367
22291,5661.5776
22292,5711.372
22293,6722.2817
22294,7152.741
22295,2778.86
22296,4954.6133
22297,6056.876
22298,5931.6997
22299,7019.5176
22300,6870.3247
22301,4895.3213
22302,5891.248
22303,5366.272
22304,4635.3403
22305,5859.2993
22306,8291.656
22307,3708.5208
22308,6168.191
22309,5975.3887
22310,7522.973
22311,7159.0264
22312,7809.4663
22313,7310.105
22314,5341.9917
22315,6089.769
22316,6539.9385
22317,8032.886
22318,5879.5366
22319,6303.1587
22320,5766.362
22321,5008.561
22322,5534.7104
22323,7625.9077
22324,5763.4644
22325,7155.5635
22326,8353.998
22327,5494.901
22328,7011.519
22329,7345.696
22330,7221.667
22331,6224.846
22332,6953.9575
22333,6810.0073
22334,6892.327
22335,6431.981
22336,6474.1313
22337,6439.323
22338,6403.363
22339,7940.1484
22340,8376.864
22341,5699.107
22342,5804.248
22343,6362.1636
22344,6187.816
22345,7163.11
22346,5631.06
22347,5034.23
22348,4601.694
22349,6799.351
22350,7388.9272
22351,6528.0513
22352,8061.429
22353,5763.5806
22354,5263.442
22355,6769.031
22356,7690.7866
22357,5454.846
22358,4565.9307
22359,5846.7793
22360,4519.046
22361,4738.1587
22362,4860.1123
22363,7083.194
22364,5706.3237
22365,4211.5093
22366,6059.341
22367,7173.722
22368,7584.798
22369,7735.7744
22370,5009.685
22371,5041.9155
22372,4968.7373
22373,5780.7437
22374,7736.4263
22375,3044.9553
22376,7626.6025
22377,4772.804
22378,7213.011
22379,7234.2773
22380,5287.875
22381,5814.601
22382,5224.8135
22383,7246.884
22384,5537.8164
22385,6896.079
22386,5176.7915
22387,4274.7505
22388,7285.8906
22389,6839.5327
22390,5023.264
22391,4797.42
22392,6493.768
22393,7351.3574
22394,4618.316
22395,6746.2427
22396,7707.9595
22397,6205.4736
22398,6584.5474
22399,5043.365
22400,6855.047
22401,6354.09
22402,5435.0864
22403,7816.3228
22404,6713.9688
22405,8339.44
22406,6138.9634
22407,6926.5234
22408,6582.9224
22409,8229.803
22410,4742.3247
22411,3684.5864
22412,4361.9565
22413,7234.096
22414,7160.4634
22415,5861.731
22416,8168.5615
22417,5590.652
22418,5697.3633
22419,4810.264
22420,6157.308
22421,7636.558
22422,5497.1704
22423,7327.8315
22424,6228.597
22425,6303.5005
22426,4952.3477
22427,7051.2915
22428,6820.01
22429,6256.6567
22430,4964.7144
22431,4577.1274
22432,6372.6865
22433,7598.898
22434,7287.3286
22435,6177.115
22436,3910.4565
22437,5922.777
22438,3546.1501
22439,5912.191
22440,3896.388
22441,5796.1187
22442,5372.0283
22443,6606.4478
22444,6588.476
22445,3353.4055
22446,5743.893
22447,7021.5723
22448,6566.6235
22449,8327.944
22450,7541.3867
22451,4159.5674
22452,3210.985
22453,7212.4087
22454,7535.7305
22455,4383.314
22456,6598.735
22457,7263.4526
22458,6565.627
22459,6545.278
22460,4548.807
22461,7006.719
22462,7706.0103
22463,3932.217
22464,5325.4585
22465,6281.893
22466,6392.428
22467,7168.598
22468,7342.5835
22469,5972.7886
22470,4281.264
22471,6472.404
22472,6467.8027
22473,4266.828
22474,7480.401
22475,7812.1343
22476,6685.3657
22477,7563.6577
22478,6642.344
22479,6142.409
22480,3859.8901
22481,6134.559
22482,7240.4673
22483,6514.6045
22484,4489.6333
22485,3731.8298
22486,7520.1743
22487,7128.2417
22488,6741.5854
22489,6751.8457
22490,6199.0737
22491,6114.978
22492,5834.22
22493,2493.6648
22494,5742.524
22495,5917.943
22496,5845.1997
22497,8047.99
22498,5650.5933
22499,6453.565
22500,5324.6597
22501,5013.3687
22502,7039.624
22503,6588.726
22504,5841.951
22505,6841.4053
22506,4838.832
22507,7047.84
22508,5873.9766
22509,6241.7856
22510,5439.1616
22511,3902.0293
22512,6833.2583
22513,6788.077
22514,7250.7085
22515,5919.768
22516,6988.94
22517,6710.9185
22518,6712.2397
22519,8116.716
22520,4737.856
22521,6112.8027
22522,8103.9995
22523,6032.196
22524,6106.66
22525,4811.567
22526,6338.9106
22527,4251.2363
22528,5469.1943
22529,7539.0825
22530,5459.2817
22531,3941.9321
22532,4091.558
22533,4825.1353
22534,6483.9653
22535,7284.2305
22536,5861.3804
22537,6989.796
22538,3997.235
22539,5061.1597
22540,3724.4763
22541,4468.7554
22542,4028.953
22543,7433.5024
22544,4150.9883
22545,6398.521
22546,8274.345
22547,6503.2104
22548,4111.8257
22549,4213.6636
22550,7377.7104
22551,6122.3423
22552,6628.84
22553,6950.471
22554,4894.3696
22555,7558.431
22556,3190.4827
22557,6680.2754
22558,7898.147
22559,5044.641
22560,6403.2485
22561,7177.4272
22562,6797.808
22563,3736.228
22564,3678.0142
22565,6169.1914
22566,6570.189
22567,4756.8267
22568,4332.6733
22569,7256.327
22570,3263.619
22571,5658.48
22572,4078.2432
22573,7578.2583
22574,3973.5132
22575,7235.4087
22576,8107.965
22577,3192.3455
22578,4705.3086
22579,8174.6978
22580,8342.548
22581,7061.476
22582,4053.6423
22583,3400.802
22584,5701.5513
22585,5059.0425
22586,5121.127
22587,5504.5337
22588,5257.363
22589,5653.172
22590,6155.4717
22591,8002.289
22592,7220.8413
22593,5231.095
22594,6157.6426
22595,7345.6084
22596,4244.3296
22597,3836.0374
22598,6961.3516
22599,6936.126
22600,4227.0166
22601,4706.905
22602,5809.8013
22603,6432.629
22604,2524.0122
22605,3752.8335
22606,7776.853
22607,4359.2017
22608,7533.563
22609,6471.0728
22610,5107.991
22611,3371.4204
22612,3391.1184
22613,6020.36
22614,7369.1567
22615,5350.8037
22616,2415.6958
22617,5446.357
22618,5371.642
22619,7125.535
22620,6692.4165
22621,6984.9995
22622,3857.3645
22623,5347.2837
22624,4546.546
22625,5253.193
22626,5565.447
22627,6750.9106
22628,7261.049
22629,7906.3857
22630,7852.593
22631,6631.855
22632,7365.883
22633,5336.988
22634,3771.404
22635,8306.493
22636,5304.1294
22637,6156.4497
22638,5347.1743
22639,3278.0447
22640,5198.8555
22641,5700.9907
22642,6372.7397
22643,5900.2104
22644,6628.2144
22645,3516.1487
22646,5855.1294
22647,4816.74
22648,6343.1743
22649,3949.6467
22650,8248.717
22651,6733.4067
22652,6141.4536
22653,7314.994
22654,5041.5894
22655,6087.4067
22656,3382.7896
22657,7422.1895
22658,8008.2065
22659,6465.656
22660,6984.098
22661,5504.0884
22662,4140.231
22663,3289.846
22664,6326.144
22665,6751.0044
22666,4206.7104
22667,3971.0498
22668,7748.0586
22669,6881.8813
22670,4188.098
22671,5924.1875
22672,7600.7217
22673,3583.3047
22674,5691.946
22675,6115.212
22676,5358.36
22677,7614.9995
22678,5000.7427
22679,4410.0894
22680,6367.7915
22681,4924.03
22682,5918.5073
22683,6277.193
22684,4157.6157
22685,7515.7466
22686,4885.2075
22687,7018.0464
22688,7480.462
22689,4328.733
22690,7959.4004
22691,5526.3667
22692,4258.6323
22693,5887.85
22694,7102.5713
22695,2514.2805
22696,5136.0796
22697,4475.1255
22698,8006.233
22699,5453.4297
22700,5297.837
22701,6633.719
22702,7662.45
22703,7498.8926
22704,6172.4517
22705,6609.688
22706,4647.6523
22707,7765.0884
22708,5637.148
22709,5921.084
22710,6503.4243
22711,6107.389
22712,7664.653
22713,5781.127
22714,4923.833
22715,5208.9326
22716,4505.091
22717,6599.1997
22718,4780.6616
22719,5927.22
22720,8211.3955
22721,6237.976
22722,8179.5786
22723,4493.625
22724,6765.101
22725,5462.0015
22726,6162.906
22727,5826.3433
22728,5714.9507
22729,5282.735
22730,3486.9075
22731,5271.5923
22732,6843.0146
22733,5200.4697
22734,5391.8335
22735,3168.7156
22736,6132.9
22737,7059.5737
22738,4169.8804
22739,6204.433
22740,5488.409
22741,6224.1055
22742,7124.723
22743,6217.5845
22744,4056.4202
22745,5473.2554
22746,6819.3477
22747,4359.863
22748,6090.8813
22749,6105.719
22750,4204.846
22751,5694.44
22752,4354.153
22753,4872.363
22754,7423.894
22755,4558.6743
22756,5068.6772
22757,6048.3257
22758,4294.969
22759,5708.9673
22760,7398.6577
22761,5586.19
22762,7828.3267
22763,5561.7764
22764,4880.362
22765,6213.7065
22766,7376.3657
22767,7250.8945
22768,2727.162
22769,5385.9565
22770,4596.441
22771,4324.952
22772,4510.3574
22773,6301.522
22774,3863.6697
22775,4379.671
22776,5773.4854
22777,5537.517
22778,7091.1196
22779,7293.6646
22780,5803.9663
22781,5685.082
22782,4634.2925
22783,4996.139
22784,5783.598
22785,5463.2314
22786,6894.221
22787,3346.9048
22788,7044.5034
22789,5968.738
22790,4198.5317
22791,7879.8135
22792,3846.7642
22793,6654.745
22794,5663.194
22795,6940.9023
22796,6724.195
22797,2808.3137
22798,6777.2363
22799,6522.4487
22800,6456.396
22801,6162.7427
22802,5477.331
22803,5526.0444
22804,6128.4556
22805,5634.4883
22806,5514.6895
22807,6207.485
22808,3828.9111
22809,3512.6233
22810,4340.311
22811,6834.4863
22812,4835.614
22813,3734.9097
22814,3933.6309
22815,7098.2275
22816,8012.3257
22817,7615.6123
22818,5017.835
22819,6841.008
22820,5830.6177
22821,3829.8037
22822,7455.0317
22823,7063.2944
22824,7981.038
22825,6778.3916
22826,6479.256
22827,7298.2485
22828,7217.827
22829,5144.6396
22830,7598.187
22831,6941.9556
22832,5937.8047
22833,7079.6167
22834,3384.9963
22835,7411.3306
22836,3254.4895
22837,7581.93
22838,7509.022
22839,7483.8335
22840,4880.3037
22841,7423.6426
22842,4302.157
22843,6604.391
22844,5631.974
22845,4652.7163
22846,5023.236
22847,7585.1206
22848,5934.284
22849,6797.265
22850,8064.7056
22851,5903.094
22852,6482.73
22853,6419.907
22854,3408.3315
22855,6982.5776
22856,6844.1177
22857,5840.1533
22858,4354.9204
22859,6773.8726
22860,4291.8276
22861,5070.5596
22862,6012.3364
22863,6845.1724
22864,6221.082
22865,6906.32
22866,6314.6216
22867,4483.678
22868,7059.4673
22869,7257.7144
22870,6209.179
22871,6508.1274
22872,5747.165
22873,5620.443
22874,5410.233
22875,5923.368
22876,5513.985
22877,5114.3184
22878,8201.209
22879,4294.802
22880,2503.9058
22881,4041.7834
22882,6875.854
22883,4195.928
22884,4575.159
22885,6130.001
22886,7547.299
22887,4759.338
22888,4502.983
22889,4414.733
22890,4122.1357
22891,5970.0215
22892,3931.5205
22893,3614.1436
22894,7012.8706
22895,7513.264
22896,6121.2256
22897,6680.521
22898,6441.527
22899,4596.522
22900,5808.375
22901,6723.0664
22902,6392.7583
22903,7501.8433
22904,6634.3755
22905,6166.6626
22906,4970.797
22907,7505.9487
22908,6544.8794
22909,8000.5522
22910,7091.6943
22911,7762.207
22912,5728.025
22913,5819.425
22914,5557.4907
22915,7060.1685
22916,6768.632
22917,7472.678
22918,7055.679
22919,3970.1257
22920,4349.357
22921,5815.265
22922,6657.852
22923,6566.3657
22924,5378.2363
22925,5712.58
22926,6940.7485
22927,7689.396
22928,6141.7144
22929,7773.325
22930,5747.039
22931,6594.3403
22932,8067.033
22933,4911.5356
22934,5365.0815
22935,6773.772
22936,5423.067
22937,3476.2595
22938,5826.119
22939,5931.989
22940,6770.6973
22941,2726.2505
22942,5191.2036
22943,6209.396
22944,4582.1294
22945,3006.897
22946,7184.999
22947,4927.717
22948,5720.4487
22949,4369.0786
22950,6237.765
22951,7026.541
22952,3811.0532
22953,7727.5146
22954,5468.993
22955,6307.2324
22956,6015.306
22957,6624.1377
22958,5242.0293
22959,7139.375
22960,4877.583
22961,4275.1387
22962,5295.02
22963,5691.759
22964,6903.178
22965,7272.6313
22966,7189.485
22967,4167.37
22968,4120.1772
22969,4233.9707
22970,5694.9043
22971,3680.0146
22972,6523.138
22973,6622.3853
22974,8186.679
22975,6818.403
22976,6415.0796
22977,6687.605
22978,6987.312
22979,7508.8105
22980,3870.2166
22981,6548.394
22982,6488.356
22983,4247.7583
22984,7344.1577
22985,6789.64
22986,5339.692
22987,7777.048
22988,3822.1409
22989,5674.4214
22990,7505.52
22991,7769.2295
22992,4311.321
22993,6470.649
22994,7258.441
22995,7019.356
22996,7450.0337
22997,6428.6216
22998,8145.403
22999,4366.321
23000,3960.0457
23001,7573.1914
23002,5768.865
23003,6375.12
23004,6185.7114
23005,5079.5312
23006,6593.3096
23007,8117.3887
23008,5812.636
23009,7693.2676
23010,6489.5547
23011,5555.2417
23012,6452.2363
23013,3610.895
23014,5337.8765
23015,5863.1797
23016,5178.687
23017,3497.7
23018,7127.9614
23019,6007.152
23020,7380.6504
23021,5760.084
23022,5298.1206
23023,7253.766
23024,7822.1323
23025,5805.3833
23026,7483.081
23027,7324.903
23028,5223.3657
23029,3892.2415
23030,6229.517
23031,6515.6216
23032,5852.4346
23033,7071.171
23034,5586.985
23035,3126.0515
23036,6254.7046
23037,4911.202
23038,8139.568
23039,4347.1943
23040,7338.9526
23041,4293.7266
23042,4386.32
23043,7680.509
23044,5042.112
23045,5621.8545
23046,7787.812
23047,5257.021
23048,8185.1245
23049,4708.372
23050,5985.7207
23051,3869.331
23052,6955.0903
23053,3597.1282
23054,6789.259
23055,6743.103
23056,6573.7715
23057,7073.376
23058,7832.9263
23059,6539.9653
23060,6613.026
23061,6722.4326
23062,6496.25
23063,7435.638
23064,7658.2744
23065,7299.4893
23066,3872.9863
23067,6992.4985
23068,7163.517
23069,6462.232
23070,6936.211
23071,5460.2974
23072,5229.5396
23073,8218.22
23074,6793.231
23075,7227.273
23076,5081.9194
23077,6537.9414
23078,5332.692
23079,5927.5693
23080,2756.1428
23081,6507.685
23082,5033.463
23083,4491.4565
23084,6853.3354
23085,6641.2764
23086,6123.195
23087,5431.903
23088,7118.9805
23089,6123.484
23090,6797.1323
23091,8022.7847
23092,4680.881
23093,6542.537
23094,6809.321
23095,6103.438
23096,6031.6343
23097,4539.846
23098,6206.35
23099,8014.623
23100,5056.3135
23101,7054.0825
23102,7363.317
23103,6321.7974
23104,4643.6626
23105,5311.5
23106,6781.422
23107,6447.9604
23108,4212.4966
23109,3581.2273
23110,5184.5386
23111,3117.917
23112,5571.2334
23113,6528.3135
23114,5881.529
23115,7303.406
23116,5880.0415
23117,5165.482
23118,6742.819
23119,6198.4155
23120,3957.4663
23121,5307.0605
23122,7592.334
23123,6463.8486
23124,6141.7124
23125,5816.51
23126,6900.336
23127,4447.888
23128,6270.308
23129,7073.053
23130,4991.818
23131,6316.9604
23132,4195.7817
23133,5227.4907
23134,7774.475
23135,7583.233
23136,6090.169
23137,4788.595
23138,4660.2656
23139,7579.4097
23140,4692.571
23141,4372.5884
23142,6631.5728
23143,6506.029
23144,7372.919
23145,5095.068
23146,6672.5356
23147,5202.446
23148,5461.6235
23149,7372.163
23150,6183.732
23151,4496.194
23152,5718.491
23153,5203.1597
23154,7263.0063
23155,6299.0454
23156,7581.687
23157,6815.7983
23158,6109.39
23159,6581.8315
23160,5843.6387
23161,4016.7312
23162,6439.879
23163,4263.092
23164,5332.307
23165,4672.264
23166,3402.0833
23167,5380.0913
23168,3344.3083
23169,6772.7554
23170,6991.137
23171,7225.4893
23172,6952.1597
23173,6184.5273
23174,4373.1562
23175,6605.416
23176,5477.554
23177,4856.2646
23178,5044.01
23179,4585.167
23180,5248.649
23181,6648.7124
23182,4289.4067
23183,6874.181
23184,7251.2227
23185,7711.814
23186,5256.7944
23187,7837.2534
23188,7245.187
23189,4214.059
23190,6839.228
23191,6512.368
23192,5327.567
23193,7255.2505
23194,3245.318
23195,6523.7104
23196,6504.596
23197,5424.4663
23198,6248.0244
23199,7437.6973
23200,4092.9553
23201,4113.7017
23202,5924.287
23203,5556.9316
23204,2246.4167
23205,3804.9604
23206,3758.16
23207,8065.82
23208,7481.176
23209,6524.8633
23210,6815.3296
23211,6047.2607
23212,3400.6238
23213,6183.1685
23214,4097.6113
23215,6410.641
23216,5361.513
23217,6316.2466
23218,7455.259
23219,3188.9531
23220,5934.155
23221,4137.42
23222,3728.6025
23223,7458.521
23224,4148.2197
23225,5779.4077
23226,7043.4146
23227,7766.0454
23228,5680.7573
23229,3693.7715
23230,3850.652
23231,6386.699
23232,3757.964
23233,7253.2017
23234,7376.3423
23235,5681.5312
23236,6069.845
23237,3759.531
23238,5711.9614
23239,5546.47
23240,4849.4927
23241,6544.3423
23242,5629.47
23243,4642.297
23244,5118.2207
23245,7029.0205
23246,6687.0483
23247,5756.8
23248,6397.043
23249,5617.8765
23250,8394.173
23251,7225.9956
23252,6623.706
23253,5754.178
23254,5115.261
23255,4523.101
23256,5817.5513
23257,5390.7896
23258,6704.6616
23259,7702.32
23260,6311.305
23261,5491.3604
23262,6035.228
23263,8292.087
23264,4206.0845
23265,4544.2124
23266,5931.8154
23267,8118.1396
23268,6215.3755
23269,7122.8584
23270,5218.791
23271,7268.2817
23272,4376.3013
23273,5787.719
23274,7071.5483
23275,6059.773
23276,4322.0474
23277,6989.1157
23278,6271.7827
23279,6475.8193
23280,6171.7563
23281,6605.5244
23282,4304.647
23283,6181.329
23284,7922.745
23285,7784.6475
23286,5702.974
23287,5456.458
23288,4165.4917
23289,7294.3613
23290,6563.4487
23291,8141.1577
23292,5883.4775
23293,4192.8247
23294,5983.8413
23295,5675.2993
23296,3346.095
23297,7158.345
23298,3015.0403
23299,5404.0933
23300,5674.338
23301,7912.969
23302,4349.564
23303,2419.472
23304,7744.422
23305,6905.31
23306,7337.066
23307,4007.2927
23308,4219.229
23309,7572.6943
23310,6546.5454
23311,5397.89
23312,7100.094
23313,7518.3687
23314,5795.6387
23315,6664.3574
23316,6074.735
23317,4737.1743
23318,8281.739
23319,7312.985
23320,5930.423
23321,6358.477
23322,5689.621
23323,6189.584
23324,7094.879
23325,3950.0706
23326,6088.5415
23327,7437.942
23328,6183.163
23329,6151.53
23330,6633.0874
23331,6484.6
23332,6250.7466
23333,3439.297
23334,4779.2856
23335,6565.9297
23336,5017.985
23337,5307.4956
23338,5876.366
23339,4086.9314
23340,7508.471
23341,5885.031
23342,4345.3413
23343,3472.4514
23344,4356.706
23345,3311.9783
23346,6742.7715
23347,5583.6743
23348,6788.849
23349,4582.095
23350,8146.5513
23351,5361.946
23352,6345.0444
23353,4159.683
23354,4163.6562
23355,6186.8457
23356,4979.2964
23357,6148.5664
23358,4647.242
23359,6403.232
23360,5420.6274
23361,7888.1304
23362,6367.7666
23363,7600.356
23364,5485.9824
23365,6853.7793
23366,5805.8647
23367,4947.8247
23368,7482.0503
23369,5953.346
23370,5253.808
23371,5659.3564
23372,7465.5547
23373,6887.6963
23374,5548.33
23375,5114.8784
23376,6005.7227
23377,6732.357
23378,5563.1333
23379,6696.18
23380,5055.192
23381,2391.9763
23382,2359.6755
23383,4566.1997
23384,7494.827
23385,7332.229
23386,5183.6167
23387,7253.8003
23388,6869.1353
23389,6469.0356
23390,6550.818
23391,7814.028
23392,6499.3325
23393,7974.4985
23394,5133.8003
23395,5446.422
23396,4013.9324
23397,5861.0537
23398,4051.5847
23399,6999.9053
23400,6117.7847
23401,5658.0566
23402,5094.0024
23403,4215.252
23404,5353.674
23405,5853.584
23406,6808.724
23407,6120.358
23408,7041.796
23409,7608.5903
23410,7079.7554
23411,6453.9043
23412,6809.9126
23413,5718.969
23414,7213.0454
23415,5152.3125
23416,6496.893
23417,8207.481
23418,5372.6484
23419,5291.4155
23420,4173.974
23421,7338.766
23422,7156.2593
23423,5184.321
23424,7272.872
23425,3946.3884
23426,5441.977
23427,6706.3022
23428,2400.2551
23429,6486.465
23430,6114.2583
23431,4750.1587
23432,7995.9653
23433,7158.656
23434,6819.3696
23435,4681.767
23436,6692.517
23437,6785.6714
23438,6627.4478
23439,3918.005
23440,5432.8394
23441,6142.378
23442,6077.9707
23443,5562.3794
23444,7716.4556
23445,5608.1987
23446,3468.4236
23447,5030.709
23448,4420.389
23449,6031.0063
23450,6795.2007
23451,5225.611
23452,7746.623
23453,6344.944
23454,4363.4424
23455,6843.986
23456,6021.453
23457,8016.2817
23458,5342.486
23459,7261.5366
23460,6606.108
23461,5241.2876
23462,5034.643
23463,6529.9756
23464,7046.1733
23465,8340.718
23466,6249.012
23467,4996.69
23468,6299.65
23469,5074.9014
23470,7807.17
23471,7418.582
23472,6565.2046
23473,5531.5664
23474,4324.708
23475,7591.16
23476,7041.856
23477,5486.876
23478,5629.8755
23479,5534.5464
23480,3543.3623
23481,3439.9
23482,5897.781
23483,6376.2856
23484,5810.728
23485,5206.9956
23486,6602.6606
23487,7557.9023
23488,4835.9097
23489,4448.7153
23490,6724.172
23491,6881.551
23492,6541.4956
23493,7548.1675
23494,5529.179
23495,5635.1714
23496,8026.9966
23497,5544.2876
23498,6458.021
23499,5009.7207
23500,5472.138
23501,6918.308
23502,6943.0825
23503,6703.175
23504,6413.97
23505,7729.4033
23506,6575.2407
23507,6129.694
23508,4943.1445
23509,4931.4214
23510,7228.2485
23511,6258.6797
23512,5785.634
23513,4843.935
23514,7292.9463
23515,7222.027
23516,6385.3423
23517,6601.1396
23518,6668.2993
23519,7539.6816
23520,6265.681
23521,4604.4526
23522,7308.721
23523,6239.555
23524,7112.5327
23525,4960.986
23526,4850.619
23527,6290.0605
23528,3820.5276
23529,5482.8833
23530,4902.31
23531,5657.8374
23532,5094.519
23533,6689.4097
23534,6277.0005
23535,6333.6094
23536,7256.7827
23537,6573.1963
23538,7283.219
23539,6947.013
23540,7766.168
23541,4591.348
23542,4074.0896
23543,3450.474
23544,5333.2026
23545,6664.7505
23546,5851.136
23547,5104.3647
23548,7754.7725
23549,3897.5356
23550,6719.324
23551,6174.0874
23552,5198.5474
23553,3439.288
23554,4219.3315
23555,7270.0493
23556,5161.991
23557,5800.0327
23558,5483.194
23559,4365.071
23560,3838.0693
23561,7493.5034
23562,5229.347
23563,7009.0356
23564,6334.983
23565,2576.7664
23566,4147.86
23567,6646.293
23568,3882.6853
23569,5263.7993
23570,5529.932
23571,4660.282
23572,4018.4949
23573,5045.062
23574,4790.869
23575,4163.4243
23576,6220.48
23577,6710.085
23578,5750.975
23579,5592.1187
23580,4036.2612
23581,3373.8086
23582,6115.554
23583,6172.107
23584,7652.5454
23585,5534.6074
23586,6150.196
23587,6865.345
23588,6563.035
23589,5390.5747
23590,5507.8765
23591,4927.4243
23592,8190.3276
23593,6531.9487
23594,6584.874
23595,3899.3054
23596,4358.1343
23597,7744.991
23598,4353.031
23599,5750.109
23600,6415.0186
23601,6729.4717
23602,3910.9983
23603,5726.0596
23604,5678.8926
23605,3399.882
23606,4884.8696
23607,4061.065
23608,5529.2236
23609,4315.5044
23610,6491.8535
23611,2311.4355
23612,5057.582
23613,6902.5854
23614,4698.4595
23615,3585.3953
23616,8004.4126
23617,8144.0825
23618,6959.2173
23619,7558.3843
23620,6738.9404
23621,4820.459
23622,5526.229
23623,6315.612
23624,7278.8867
23625,5307.1426
23626,5234.716
23627,6035.517
23628,5879.9097
23629,5896.7217
23630,6166.806
23631,3979.5288
23632,4785.576
23633,7147.2163
23634,4535.1914
23635,5509.4487
23636,6922.924
23637,5483.269
23638,6496.6294
23639,4385.4653
23640,6592.755
23641,7106.8545
23642,4701.6284
23643,5937.2905
23644,7974.6943
23645,6777.3335
23646,7940.408
23647,5852.2466
23648,6827.2036
23649,7149.1025
23650,4354.358
23651,5038.621
23652,7079.778
23653,3821.0483
23654,8128.859
23655,5699.2417
23656,6482.8813
23657,5834.7935
23658,6003.29
23659,6509.876
23660,4653.6294
23661,4280.401
23662,3516.8342
23663,6577.866
23664,3429.2097
23665,4704.321
23666,5133.9077
23667,4361.7603
23668,6587.488
23669,5630.026
23670,5135.945
23671,5707.3022
23672,4846.9243
23673,5671.578
23674,7137.554
23675,4215.044
23676,4856.9243
23677,6706.18
23678,3921.6802
23679,5611.1953
23680,5512.02
23681,5626.7817
23682,7118.5005
23683,7313.687
23684,4670.809
23685,5464.9136
23686,5067.366
23687,6949.416
23688,6436.815
23689,7058.469
23690,7629.351
23691,6267.683
23692,6796.511
23693,6278.9585
23694,6012.077
23695,7620.0083
23696,4207.055
23697,5472.666
23698,6540.3154
23699,8228.804
23700,6496.7134
23701,5658.903
23702,4651.686
23703,6877.8755
23704,7244.692
23705,7263.8003
23706,7294.8735
23707,5752.776
23708,7005.991
23709,6017.106
23710,4393.436
23711,2439.327
23712,5950.326
23713,6118.5103
23714,6443.0244
23715,3652.6702
23716,6881.342
23717,8008.048
23718,7259.193
23719,7222.5674
23720,6177.098
23721,5818.221
23722,5799.511
23723,5863.471
23724,6777.9937
23725,5426.6616
23726,6335.348
23727,7278.4673
23728,7999.73
23729,4925.604
23730,7516.0176
23731,8093.8257
23732,6408.8784
23733,4478.9395
23734,5535.825
23735,6851.357
23736,4751.609
23737,6061.4434
23738,8179.506
23739,4628.816
23740,5135.696
23741,7346.6265
23742,7759.5854
23743,7827.829
23744,4174.2993
23745,4441.109
23746,5200.026
23747,3305.281
23748,7310.8267
23749,3419.3142
23750,6064.2007
23751,6211.4927
23752,5773.6606
23753,6369.1235
23754,4918.999
23755,4961.5205
23756,4364.1567
23757,6781.1685
23758,3659.143
23759,4282.9204
23760,7253.212
23761,6951.253
23762,5184.69
23763,5479.431
23764,7302.8135
23765,6868.448
23766,3906.9075
23767,6477.107
23768,5747.606
23769,4643.759
23770,7271.0845
23771,5961.1255
23772,4341.0312
23773,6631.946
23774,6725.483
23775,4008.428
23776,6712.7744
23777,4250.0645
23778,6462.765
23779,7686.8887
23780,5425.5405
23781,5737.389
23782,4396.4204
23783,4681.256
23784,4743.766
23785,5395.701
23786,6292.713
23787,7691.317
23788,6701.1064
23789,6560.065
23790,4858.703
23791,7259.576
23792,6619.73
23793,4962.068
23794,7813.8833
23795,6886.529
23796,7209.651
23797,6987.485
23798,3942.3838
23799,6692.0063
23800,4918.0913
23801,7776.972
23802,5822.2544
23803,6123.099
23804,5705.7188
23805,6489.088
23806,7346.768
23807,4572.2046
23808,5618.435
23809,6391.6655
23810,5327.386
23811,6219.654
23812,7686.4067
23813,5895.6997
23814,6669.184
23815,4733.7866
23816,6757.612
23817,3514.6804
23818,6357.4062
23819,6501.5796
23820,7209.8286
23821,7458.195
23822,8246.367
23823,6630.262
23824,5622.069
23825,8085.1724
23826,5207.4795
23827,7424.2017
23828,6979.769
23829,4642.677
23830,6421.924
23831,4002.2532
23832,7188.694
23833,5551.9707
23834,3319.9182
23835,5356.164
23836,6133.6973
23837,5430.002
23838,7319.5347
23839,7767.269
23840,4034.5388
23841,6705.0405
23842,6272.433
23843,4346.686
23844,6823.0684
23845,6518.9185
23846,5963.987
23847,5962.8105
23848,5971.913
23849,7308.352
23850,6588.6685
23851,7818.5273
23852,5820.486
23853,7269.7573
23854,7119.6055
23855,6546.738
23856,6043.85
23857,5931.8413
23858,5615.502
23859,5765.037
23860,3918.3174
23861,3940.898
23862,4045.5505
23863,5509.908
23864,5589.895
23865,4542.932
23866,4020.0247
23867,4142.9614
23868,4375.5454
23869,5604.892
23870,7511.402
23871,6556.601
23872,5853.3403
23873,5779.3296
23874,6934.9595
23875,7851.136
23876,7191.0293
23877,4361.4565
23878,5442.067
23879,6490.803
23880,6515.5186
23881,6469.0786
23882,3104.9373
23883,5838.1313
23884,3856.9329
23885,5113.3677
23886,5151.7437
23887,7336.6494
23888,4174.859
23889,6554.649
23890,4609.1343
23891,4790.809
23892,6153.51
23893,7081.4263
23894,3437.4426
23895,5244.89
23896,5382.105
23897,4331.9253
23898,6928.599
23899,4283.6167
23900,4745.038
23901,8308.003
23902,7268.03
23903,7099.5923
23904,6325.2007
23905,5523.24
23906,6989.3433
23907,4012.802
23908,3840.6292
23909,5630.337
23910,6636.011
23911,6790.1025
23912,4644.993
23913,5676.1846
23914,7327.197
23915,6430.763
23916,5158.9243
23917,4699.017
23918,7044.3257
23919,7147.471
23920,6545.292
23921,4010.4895
23922,5934.568
23923,5705.1567
23924,6685.1274
23925,6297.0767
23926,5637.8306
23927,6864.646
23928,7802.725
23929,4675.2217
23930,6887.056
23931,5907.699
23932,5477.4272
23933,7540.929
23934,5314.489
23935,4123.848
23936,6465.769
23937,7482.274
23938,6702.346
23939,5071.2393
23940,4190.698
23941,5687.3413
23942,4205.2144
23943,6458.775
23944,6341.6763
23945,8032.8228
23946,4272.1304
23947,6526.14
23948,6119.471
23949,3984.531
23950,5657.086
23951,5648.7227
23952,3042.3767
23953,7273.2466
23954,6040.7305
23955,2196.846
23956,5871.78
23957,6321.262
23958,6529.779
23959,6803.1763
23960,7506.6436
23961,7494.3755
23962,7957.939
23963,5534.4683
23964,5484.231
23965,7798.518
23966,7288.221
23967,2566.1858
23968,5741.644
23969,6206.7905
23970,3951.369
23971,6058.4546
23972,6585.1455
23973,6167.544
23974,7372.8345
23975,5257.577
23976,6426.174
23977,7562.1646
23978,4186.222
23979,4760.1484
23980,5291.937
23981,4497.066
23982,3407.6843
23983,6359.0093
23984,5869.0796
23985,3493.8342
23986,5404.8164
23987,5190.9316
23988,6645.694
23989,6137.512
23990,4953.5044
23991,5660.671
23992,3505.324
23993,6789.902
23994,3779.5994
23995,4718.6353
23996,7674.5894
23997,3378.9443
23998,3462.8425
23999,6458.2427
24000,8085.521
24001,6839.3545
24002,7412.8506
24003,7973.875
24004,6132.539
24005,3758.8367
24006,7543.4204
24007,5518.1914
24008,3489.6719
24009,4342.8657
24010,3973.729
24011,6886.568
24012,7302.0347
24013,4084.6877
24014,7262.17
24015,6209.1587
24016,3998.4368
24017,4271.7803
24018,3933.5544
24019,6778.895
24020,6448.5312
24021,3827.6804
24022,5510.432
24023,7762.796
24024,6630.2407
24025,7538.209
24026,4450.2407
24027,4083.0288
24028,4290.924
24029,6491.2817
24030,6299.275
24031,4756.979
24032,4194.887
24033,6329.312
24034,5005.6787
24035,3383.5027
24036,7119.3394
24037,3278.7854
24038,7235.694
24039,4552.143
24040,4573.8057
24041,5545.97
24042,4824.807
24043,5669.348
24044,6704.845
24045,5506.2036
24046,5317.304
24047,4130.523
24048,6532.7017
24049,6248.51
24050,5177.413
24051,6058.5757
24052,3419.4036
24053,6363.266
24054,6330.5894
24055,4951.382
24056,6084.543
24057,6041.502
24058,7824.0244
24059,3855.421
24060,4767.5127
24061,6572.782
24062,6630.14
24063,6851.2183
24064,7265.0103
24065,7181.7896
24066,5467.564
24067,5228.227
24068,4373.558
24069,6726.754
24070,5587.4443
24071,8022.5034
24072,6340.224
24073,5316.9624
24074,5821.533
24075,6134.1035
24076,4250.1084
24077,4312.576
24078,3368.2249
24079,4215.7456
24080,4331.5977
24081,6302.1406
24082,7727.9517
24083,4268.015
24084,6804.1733
24085,7540.3896
24086,5477.0254
24087,4440.6353
24088,7678.645
24089,7054.9946
24090,3192.2288
24091,6422.988
24092,6827.144
24093,7997.4883
24094,6992.398
24095,7188.8794
24096,6836.781
24097,6880.5293
24098,6014.113
24099,3260.5305
24100,6503.569
24101,4610.242
24102,4577.8887
24103,4499.0625
24104,3719.8752
24105,7042.643
24106,7576.2837
24107,6920.0317
24108,5925.686
24109,5857.2583
24110,6007.767
24111,5368.6343
24112,4335.814
24113,3461.2112
24114,4223.386
24115,4664.8213
24116,5211.699
24117,5115.627
24118,5322.777
24119,7340.463
24120,6798.251
24121,4677.3057
24122,6861.303
24123,5472.733
24124,7560.7993
24125,3531.08
24126,6745.537
24127,6101.8296
24128,3219.743
24129,5778.348
24130,4800.309
24131,4725.016
24132,6513.5825
24133,7309.309
24134,5670.184
24135,7951.2974
24136,6969.039
24137,6053.5034
24138,5444.5894
24139,7519.6055
24140,6714.703
24141,4371.4487
24142,7370.978
24143,7975.4175
24144,7056.847
24145,7905.568
24146,8098.9097
24147,7330.61
24148,5257.7017
24149,7252.523
24150,3985.0208
24151,4251.5596
24152,7085.5566
24153,7820.605
24154,6353.1
24155,7433.609
24156,6292.1953
24157,6581.447
24158,4175.8496
24159,6377.7075
24160,5075.029
24161,7756.7847
24162,6653.22
24163,7708.4893
24164,5769.19
24165,5635.391
24166,7726.844
24167,8076.2466
24168,3465.8943
24169,8036.1147
24170,4289.878
24171,5015.857
24172,5995.9263
24173,6502.3423
24174,7627.7905
24175,3907.981
24176,7113.8105
24177,7526.745
24178,5532.7505
24179,5203.527
24180,6409.76
24181,4059.0066
24182,6911.9097
24183,6161.2183
24184,6957.033
24185,6878.413
24186,8067.234
24187,7256.3623
24188,3721.7322
24189,6278.7573
24190,3958.0945
24191,8396.108
24192,6934.5854
24193,4157.654
24194,6148.5454
24195,7037.931
24196,5881.2466
24197,7182.591
24198,5619.587
24199,7834.81
24200,5893.234
24201,6348.123
24202,6719.9424
24203,6717.8403
24204,4392.7026
24205,7051.072
24206,7485.6235
24207,5398.397
24208,5849.0225
24209,7573.4067
24210,4188.1685
24211,4724.3335
24212,6810.6562
24213,3766.0942
24214,6825.1577
24215,7964.1396
24216,8184.0137
24217,6805.5054
24218,5554.8535
24219,5637.3354
24220,3815.4048
24221,7306.401
24222,3692.9045
24223,3903.659
24224,7336.0195
24225,8208.964
24226,7069.1875
24227,6112.3066
24228,5573.781
24229,8132.1255
24230,6613.4326
24231,5155.7915
24232,8073.226
24233,6656.3047
24234,7564.8535
24235,5815.9595
24236,8033.584
24237,6443.853
24238,6161.44
24239,5788.112
24240,7677.3916
24241,4433.969
24242,3513.3171
24243,7046.0356
24244,8308.41
24245,4379.066
24246,6450.699
24247,4001.466
24248,7281.3267
24249,6781.3545
24250,7632.14
24251,4784.4766
24252,5417.3584
24253,3374.1365
24254,4570.137
24255,6061.986
24256,5589.0757
24257,6824.3667
24258,7566.1763
24259,4511.0894
24260,4384.89
24261,4158.6094
24262,5820.107
24263,8325.739
24264,5743.474
24265,5789.483
24266,5065.6777
24267,6440.8047
24268,5777.9893
24269,4145.684
24270,7892.3086
24271,7541.2305
24272,4049.2837
24273,6225.056
24274,4156.3364
24275,5294.488
24276,5339.305
24277,6955.0713
24278,4019.9045
24279,7036.645
24280,6436.8687
24281,7434.8706
24282,7315.691
24283,5819.857
24284,5084.25
24285,5848.347
24286,7753.7124
24287,5831.2515
24288,4574.991
24289,5684.228
24290,6285.044
24291,6178.813
24292,3603.0833
24293,6123.7437
24294,8146.089
24295,3093.221
24296,6198.569
24297,7341.8057
24298,5721.7563
24299,5878.9556
24300,5804.5273
24301,2649.1692
24302,5692.278
24303,5853.353
24304,5232.902
24305,7248.052
24306,7326.9214
24307,2629.691
24308,4114.1367
24309,5357.041
24310,6929.3735
24311,5829.0776
24312,4596.4746
24313,6788.2236
24314,7013.756
24315,4771.675
24316,4981.282
24317,6442.6177
24318,6989.737
24319,7250.7876
24320,7575.947
24321,6572.0356
24322,6423.947
24323,5519.639
24324,6309.4907
24325,6345.358
24326,5958.692
24327,6103.7065
24328,6340.5757
24329,5913.8594
24330,5806.962
24331,4165.0156
24332,6121.6997
24333,6537.4155
24334,6167.513
24335,5769.9814
24336,5298.6797
24337,6753.0073
24338,6498.4
24339,3916.6326
24340,7769.3667
24341,6800.732
24342,6058.818
24343,6803.0757
24344,5830.557
24345,4167.566
24346,7519.555
24347,7273.458
24348,5245.9165
24349,3364.5193
24350,4723.901
24351,4163.3643
24352,3832.1252
24353,5735.5415
24354,5069.3228
24355,5030.1665
24356,3562.5188
24357,3532.6536
24358,3949.7312
24359,7612.72
24360,5858.0146
24361,7761.686
24362,5058.1714
24363,5526.947
24364,5914.127
24365,5354.49
24366,4208.518
24367,5045.926
24368,6151.304
24369,5361.852
24370,8255.286
24371,4307.3413
24372,7521.2954
24373,5903.5444
24374,5564.43
24375,3983.8386
24376,7980.5635
24377,6181.127
24378,7189.0864
24379,4600.4717
24380,7558.0425
24381,4389.6787
24382,4268.3335
24383,6631.101
24384,5486.421
24385,5965.555
24386,6024.8726
24387,6688.805
24388,4071.697
24389,8012.0664
24390,6952.8394
24391,7447.654
24392,7546.864
24393,7789.496
24394,7313.32
24395,7577.3647
24396,5613.6914
24397,5207.6157
24398,6221.918
24399,6736.18
24400,6514.5664
24401,7748.8013
24402,6507.4136
24403,7073.277
24404,5238.667
24405,5833.1177
24406,5275.8774
24407,5057.647
24408,5350.7236
24409,4753.718
24410,3456.188
24411,5471.9604
24412,4207.6743
24413,5144.0176
24414,7204.237
24415,5647.3247
24416,3818.223
24417,5285.7056
24418,5665.833
24419,7016.8296
24420,7185.693
24421,5261.733
24422,4702.049
24423,4950.194
24424,6706.8403
24425,7324.3794
24426,6805.056
24427,6875.9297
24428,7949.232
24429,5312.259
24430,8193.385
24431,6992.712
24432,5466.166
24433,5160.596
24434,4427.7046
24435,6223.337
24436,7089.3774
24437,5770.947
24438,4781.541
24439,3979.585
24440,5031.3125
24441,7478.2236
24442,6728.641
24443,6732.192
24444,5930.5986
24445,2705.1438
24446,7001.661
24447,5991.716
24448,7495.855
24449,5922.2563
24450,5404.984
24451,6115.427
24452,6235.2363
24453,6871.2524
24454,7263.2515
24455,3937.951
24456,6159.9175
24457,7048.231
24458,4385.787
24459,7332.554
24460,5661.8687
24461,3362.827
24462,6599.9155
24463,6212.59
24464,7350.6123
24465,6521.429
24466,8157.649
24467,7979.743
24468,6375.727
24469,5927.6733
24470,5475.9004
24471,6669.3438
24472,4991.899
24473,5851.107
24474,6922.053
24475,8191.15
24476,6595.6484
24477,4203.653
24478,5648.1807
24479,5707.052
24480,4787.639
24481,3939.9087
24482,6754.402
24483,6487.101
24484,5028.761
24485,7968.7065
24486,6213.143
24487,6408.5156
24488,4648.982
24489,4703.0933
24490,4028.6782
24491,7242.0063
24492,5200.0415
24493,8109.65
24494,7573.98
24495,6572.688
24496,3969.6174
24497,5180.182
24498,6179.3335
24499,6618.344
24500,7566.8965
24501,3348.745
24502,3467.2466
24503,3769.6914
24504,6574.3438
24505,7041.3794
24506,6564.143
24507,6888.6846
24508,6802.5303
24509,6826.139
24510,7278.518
24511,5044.9365
24512,6320.736
24513,4213.5386
24514,6483.3545
24515,7251.612
24516,5130.6313
24517,4921.9727
24518,5205.3857
24519,4791.0034
24520,4191.2773
24521,6522.0347
24522,7144.639
24523,7912.2437
24524,7277.2026
24525,5795.96
24526,5072.388
24527,5818.768
24528,5057.4707
24529,3956.5193
24530,5003.955
24531,4035.2214
24532,4228.976
24533,7976.8726
24534,7173.583
24535,7015.3765
24536,6615.9907
24537,4704.5894
24538,6856.2476
24539,3942.0051
24540,7739.6255
24541,7315.6255
24542,5421.8813
24543,4177.764
24544,7274.797
24545,5572.0024
24546,7786.472
24547,7748.0435
24548,6596.8604
24549,5268.3394
24550,7310.597
24551,6078.727
24552,6683.4624
24553,3565.541
24554,6522.887
24555,6748.0894
24556,7640.9717
24557,5831.1187
24558,4972.141
24559,7306.8584
24560,5300.601
24561,5866.7217
24562,7280.1626
24563,4577.0093
24564,8259.885
24565,8093.6987
24566,5685.0454
24567,8344.714
24568,8069.56
24569,7507.798
24570,8164.848
24571,6249.5923
24572,3606.4553
24573,6815.108
24574,7441.3667
24575,4712.869
24576,6213.678
24577,8220.436
24578,4299.2495
24579,6525.648
24580,7484.329
24581,6804.3423
24582,6713.229
24583,4431.017
24584,4570.339
24585,7381.9106
24586,7812.831
24587,6736.0957
24588,3888.2356
24589,5246.0327
24590,7112.4536
24591,8053.266
24592,7584.9253
24593,5195.522
24594,6377.406
24595,5027.054
24596,6225.7397
24597,6283.6294
24598,5067.999
24599,6815.0405
24600,6257.1143
24601,7347.5933
24602,5368.082
24603,5828.5957
24604,5680.4556
24605,5671.6733
24606,7008.6304
24607,5615.676
24608,4121.5864
24609,3606.0122
24610,3527.5942
24611,6456.846
24612,6839.4575
24613,4675.8716
24614,5256.001
24615,4438.98
24616,5444.872
24617,4779.5405
24618,4313.314
24619,6210.389
24620,4384.355
24621,4263.242
24622,4807.37
24623,5009.5015
24624,6999.1606
24625,5736.2437
24626,4326.777
24627,5549.582
24628,5229.089
24629,4302.384
24630,5059.2593
24631,3402.8997
24632,7244.5684
24633,4175.604
24634,6509.4595
24635,6631.387
24636,7598.027
24637,7159.2954
24638,6923.77
24639,6757.7046
24640,5902.6772
24641,4090.657
24642,2502.8396
24643,5657.159
24644,5959.9604
24645,6168.5464
24646,6464.297
24647,7087.211
24648,6743.1934
24649,7372.059
24650,6492.437
24651,6882.74
24652,4315.013
24653,3533.6438
24654,5928.3174
24655,6137.1704
24656,5719.2705
24657,5434.851
24658,4702.6514
24659,7283.3325
24660,6786.531
24661,4376.34
24662,3558.8606
24663,7317.5024
24664,6284.6704
24665,6590.0044
24666,6700.529
24667,4649.3916
24668,4913.192
24669,5909.317
24670,6190.521
24671,5874.8384
24672,6002.2207
24673,3158.43
24674,4672.164
24675,6581.0347
24676,3841.4326
24677,4754.5312
24678,7573.809
24679,6781.1997
24680,3400.0251
24681,7199.5093
24682,5070.292
24683,5958.8564
24684,6094.1104
24685,6097.953
24686,5532.149
24687,4805.2812
24688,6598.178
24689,7336.0845
24690,5256.1255
24691,5920.923
24692,5860.8296
24693,6791.2925
24694,4983.263
24695,5377.241
24696,7978.5767
24697,8019.4204
24698,4121.945
24699,5243.4595
24700,7341.6685
24701,7555.4937
24702,5182.7295
24703,3489.5388
24704,4096.27
24705,6089.3604
24706,5715.409
24707,6920.398
24708,7173.8335
24709,5042.918
24710,7772.834
24711,3432.198
24712,4295.597
24713,8158.143
24714,5451.1406
24715,3927.2214
24716,6623.402
24717,6652.6724
24718,5915.565
24719,7378.58
24720,4631.9
24721,6561.3267
24722,4019.1733
24723,8071.9556
24724,6109.8696
24725,6338.8813
24726,5452.775
24727,7504.334
24728,8427.789
24729,5364.468
24730,6670.0317
24731,3520.1233
24732,7551.6333
24733,4568.9443
24734,7410.4165
24735,6728.737
24736,4355.0103
24737,4323.604
24738,2601.4202
24739,6137.5493
24740,5715.666
24741,6615.2495
24742,7032.237
24743,3975.39
24744,7083.7056
24745,5523.735
24746,5165.729
24747,8053.778
24748,3989.2249
24749,5534.6274
24750,6025.6143
24751,5044.74
24752,6850.28
24753,7231.6665
24754,6549.5435
24755,5057.3564
24756,7583.6226
24757,4330.6094
24758,6247.519
24759,5247.807
24760,5637.0537
24761,6774.6353
24762,5101.5303
24763,7541.374
24764,6152.278
24765,6385.271
24766,6166.6313
24767,5893.3213
24768,5659.0894
24769,7503.5405
24770,6109.2197
24771,5995.5347
24772,5236.463
24773,3833.0537
24774,3918.8843
24775,6233.3374
24776,6560.873
24777,6459.1714
24778,7716.7505
24779,5240.744
24780,7081.5376
24781,5592.4517
24782,3793.7805
24783,5849.4663
24784,4380.219
24785,6447.653
24786,4541.3433
24787,7060.2114
24788,7299.3364
24789,7229.0894
24790,7287.3027
24791,6066.666
24792,5564.5986
24793,6041.5454
24794,4405.0625
24795,4156.9937
24796,4152.5786
24797,6280.694
24798,7308.022
24799,8020.519
24800,4097.7485
24801,7073.9873
24802,7244.569
24803,8005.6123
24804,5584.195
24805,6812.8687
24806,6556.1025
24807,6946.673
24808,7089.193
24809,6768.606
24810,7442.627
24811,4027.5598
24812,6360.817
24813,4320.491
24814,4361.6465
24815,7565.314
24816,5089.8423
24817,6753.6
24818,7846.615
24819,3540.159
24820,6271.929
24821,7838.946
24822,5483.6265
24823,6352.8975
24824,4920.9683
24825,7434.6396
24826,4011.3528
24827,7069.5884
24828,7681.633
24829,7229.684
24830,4121.726
24831,5448.118
24832,7078.311
24833,3713.4414
24834,6608.1494
24835,4381.9077
24836,6767.963
24837,3745.2188
24838,5316.526
24839,5648.646
24840,5922.175
24841,6457.4233
24842,4338.2983
24843,4464.6064
24844,3622.5627
24845,5389.0566
24846,6838.8013
24847,6856.046
24848,5860.85
24849,3782.0085
24850,4542.4683
24851,4601.903
24852,6098.0815
24853,6915.053
24854,4776.43
24855,5600.6074
24856,5606.057
24857,6678.225
24858,5747.1494
24859,8364.669
24860,6629.189
24861,5141.872
24862,8094.8833
24863,5856.0464
24864,5005.638
24865,6439.6846
24866,7574.612
24867,6721.93
24868,7351.581
24869,5859.1445
24870,7247.6855
24871,4182.78
24872,6372.48
24873,3021.8008
24874,6786.7075
24875,5087.993
24876,5578.7466
24877,4398.869
24878,6269.4307
24879,6972.32
24880,7347.8877
24881,7562.2124
24882,5565.523
24883,7889.495
24884,7785.9707
24885,4130.932
24886,4322.9575
24887,6789.849
24888,5770.248
24889,6041.3228
24890,8073.396
24891,2547.0715
24892,7731.3345
24893,5016.1943
24894,5998.957
24895,7256.515
24896,6427.2383
24897,4602.547
24898,6556.4194
24899,4191.1304
24900,5700.016
24901,6913.194
24902,7102.024
24903,5577.6636
24904,6419.755
24905,6405.4985
24906,6074.185
24907,4531.9766
24908,6425.529
24909,5543.177
24910,8140.147
24911,6476.9116
24912,6814.4927
24913,4372.4863
24914,7600.891
24915,7774.931
24916,8425.964
24917,6786.5195
24918,5711.5835
24919,3280.7747
24920,3842.3975
24921,3317.2544
24922,5159.439
24923,6552.9243
24924,4979.653
24925,3933.8972
24926,8066.682
24927,6824.7383
24928,7781.244
24929,2637.0234
24930,5031.827
24931,6719.2686
24932,7276.3887
24933,8166.557
24934,5064.0815
24935,6086.371
24936,4038.091
24937,6970.187
24938,4421.606
24939,5447.8647
24940,5060.057
24941,7511.35
24942,7329.6367
24943,5974.526
24944,6911.0605
24945,6587.049
24946,4756.157
24947,5816.27
24948,7352.459
24949,3834.7554
24950,5651.285
24951,6941.612
24952,7806.3843
24953,6634.911
24954,5923.196
24955,6754.3726
24956,7107.3647
24957,6458.945
24958,6260.2837
24959,4015.3103
24960,7782.7812
24961,6068.6616
24962,8365.822
24963,6593.352
24964,3877.8376
24965,6585.229
24966,6553.357
24967,3402.9949
24968,6440.024
24969,6150.1333
24970,6860.1284
24971,4003.475
24972,7469.826
24973,5915.702
24974,4761.3423
24975,7127.1167
24976,6450.219
24977,5883.651
24978,6738.097
24979,5224.35
24980,5742.2725
24981,4261.6084
24982,5782.6147
24983,5222.1304
24984,4887.1333
24985,7234.2495
24986,5214.4478
24987,5864.2695
24988,2155.81
24989,6332.7925
24990,5641.719
24991,7894.915
24992,5154.4844
24993,8226.688
24994,3798.0713
24995,5333.774
24996,7153.673
24997,6521.984
24998,6069.509
24999,5048.6416
